0.020280469208955765
-0.0012691359734162688
-0.0012691359734162688
-0.0012691359734162688
-0.0012691359734162688
-0.0012691359734162688
-0.0012691359734162688
-0.0012691359734162688
-0.0012691359734162688
-0.0012691359734162688
-0.0012691359734162688
-0.0012691359734162688
-0.0012691359734162688
-0.0012691359734162688
-0.0012691359734162688
-0.0012691359734162688
-0.0012691359734162688
-0.0012691359734162688
-0.0012691359734162688
-0.0012691359734162688
-0.0012691359734162688
-0.0012691359734162688
-0.0012691359734162688
-0.0012691359734162688
-0.0012691359734162688
-0.0012691359734162688
-0.0012691359734162688
-0.0012691359734162688
-0.0012691359734162688
-0.0012691359734162688
-0.0012691359734162688
-0.0012691359734162688
-0.0012691359734162688
-0.0012691359734162688
-0.0012691359734162688
-0.0012691359734162688
-0.0012691359734162688
-0.0012691359734162688
-0.0012691359734162688
-0.0012691359734162688
-0.0012691359734162688
-0.0012691359734162688
-0.0012691359734162688
-0.0012691359734162688
-0.0012691359734162688
-0.0012691359734162688
-0.0012691359734162688
-0.0012691359734162688
-0.0012691359734162688
-0.0012691359734162688
-0.0012691359734162688
-0.0012691359734162688
-0.0012691359734162688
-0.0012691359734162688
-0.0012691359734162688
-0.0012691359734162688
-0.0012691359734162688
-0.0012691359734162688
-0.0012691359734162688
-0.0012691359734162688
-0.0012691359734162688
-0.0012691359734162688
-0.0012691359734162688
-0.0012691359734162688
-0.0012691359734162688
-0.0012691359734162688
-0.0012691359734162688
-0.0012691359734162688
-0.0012691359734162688
-0.0012691359734162688
-0.0012691359734162688
-0.0012691359734162688
-0.0012691359734162688
-0.0012691359734162688
-0.0012691359734162688
-0.0012691359734162688
-0.0012691359734162688
-0.0012691359734162688
-0.0012691359734162688
-0.0012691359734162688
-0.0012691359734162688
-0.0012691359734162688
-0.0012691359734162688
-0.0012691359734162688
-0.0012691359734162688
-0.0019362979801371694
-0.005977206397801638
-0.00738851772621274
-0.008378916420042515
-0.00841870903968811
-0.008611121214926243
-0.00907055288553238
-0.00959599670022726
-0.010685856454074383
-0.010835407301783562
-0.0112387640401721
-0.011772874742746353
-0.012872076593339443
-0.014987741596996784
-0.017742782831192017
-0.018574638292193413
-0.018094336614012718
-0.019793234765529633
-0.020521381869912148
-0.021085532382130623
-0.02250739000737667
-0.023452673107385635
-0.024722866714000702
-0.0243963785469532
-0.025188183411955833
-0.022170372307300568
-0.021303491666913033
-0.02683371864259243
-0.026211928576231003
-0.02625400945544243
-0.026147980242967606
-0.026450568810105324
-0.026518885046243668
-0.026173193007707596
-0.02603692188858986
-0.02598237432539463
-0.028637705370783806
-0.028378108516335487
-0.02710830606520176
-0.028151508420705795
-0.02806764841079712
-0.028092332184314728
-0.028215963393449783
-0.032125454396009445
-0.032784637063741684
-0.032323580235242844
-0.02971883863210678
-0.02792828530073166
-0.026948709040880203
-0.02601480856537819
-0.02647300437092781
-0.02697647362947464
-0.026395561173558235
-0.025525487959384918
-0.02595588006079197
-0.026436179876327515
-0.026513148099184036
-0.027493376284837723
-0.027662526816129684
-0.02769562229514122
-0.02618739753961563
-0.024168185889720917
-0.02657257206737995
-0.027125323191285133
-0.02851128578186035
-0.0289858840405941
-0.0289887934923172
-0.028490232303738594
-0.028690362349152565
-0.02851734310388565
-0.02753734216094017
-0.027689343318343163
-0.027888959273695946
-0.027641167864203453
-0.027716660872101784
-0.02751842886209488
-0.02779887430369854
-0.026932071894407272
-0.025971820577979088
-0.025115346536040306
-0.023486418649554253
-0.022745536640286446
-0.020869383588433266
-0.019908633083105087
-0.018153291195631027
-0.017153678461909294
-0.01584308035671711
-0.01670692302286625
-0.016165412962436676
-0.014785048551857471
-0.013221091590821743
-0.014840185642242432
-0.012762581929564476
-0.011814653873443604
-0.010880461893975735
