-0.027431687340140343
-0.027685340493917465
-0.03134508058428764
-0.03295055776834488
-0.03462006524205208
-0.038740094751119614
-0.03949727490544319
-0.0454140342772007
-0.049401797354221344
-0.056853312999010086
-0.061836134642362595
-0.06929511576890945
-0.07788427174091339
-0.07971474528312683
-0.08308592438697815
-0.08803220093250275
-0.09267746657133102
-0.09206550568342209
-0.08700667321681976
-0.08009409159421921
-0.07672294974327087
-0.0737350657582283
-0.073038250207901
-0.07434818148612976
-0.07693815976381302
-0.07932790368795395
-0.08298742026090622
-0.08405967801809311
-0.08701273798942566
-0.08574216067790985
-0.08925531059503555
-0.08661765605211258
-0.08682936429977417
-0.08464328199625015
-0.08002713322639465
-0.07248686254024506
-0.06535474956035614
-0.057179469615221024
-0.053267743438482285
-0.054595958441495895
-0.0586252398788929
-0.06386905163526535
-0.07256238907575607
-0.0761730819940567
-0.0752483382821083
-0.07691087573766708
-0.0757756307721138
-0.07470642030239105
-0.07408701628446579
-0.07092704623937607
-0.06441762298345566
-0.061231985688209534
-0.05749557167291641
-0.0561760775744915
-0.055667173117399216
-0.0584782250225544
-0.06356219202280045
-0.075201615691185
-0.08495601266622543
-0.09136708080768585
-0.09622226655483246
-0.09611205756664276
-0.09609085321426392
-0.09207840263843536
-0.09098686277866364
-0.09078409522771835
-0.09117890894412994
-0.089048832654953
-0.0920916423201561
-0.09132759273052216
-0.09130050987005234
-0.09652452170848846
-0.10217602550983429
-0.10249672085046768
-0.1007005050778389
-0.1028260663151741
-0.11196339875459671
-0.11860081553459167
-0.12010793387889862
-0.1214580088853836
-0.12348868697881699
-0.1233213022351265
-0.1225602775812149
-0.12915298342704773
-0.1291256695985794
-0.1324523240327835
-0.13099433481693268
-0.13126447796821594
-0.13113942742347717
-0.12570297718048096
-0.12496663630008698
-0.12944668531417847
-0.1327315717935562
-0.13369719684123993
-0.13221634924411774
-0.13485142588615417
-0.1388283669948578
-0.14270533621311188
-0.1453910917043686
-0.14983724057674408
-0.15546828508377075
-0.15650218725204468
-0.16188085079193115
-0.16530895233154297
-0.16806882619857788
-0.17116709053516388
-0.17175930738449097
-0.1721876859664917
-0.17228056490421295
-0.17154890298843384
-0.16761068999767303
-0.16911715269088745
-0.16914083063602448
-0.1703324019908905
-0.17100755870342255
-0.16886605322360992
-0.17635804414749146
-0.18118607997894287
-0.18268032371997833
-0.18032172322273254
-0.17778843641281128
-0.17365138232707977
-0.17811989784240723
-0.17291897535324097
-0.17068488895893097
-0.17310813069343567
-0.17819780111312866
-0.1782175898551941
-0.17948323488235474
-0.1790696680545807
-0.17825791239738464
-0.17527131736278534
-0.16957123577594757
-0.16865657269954681
-0.16337215900421143
-0.16161148250102997
-0.15748855471611023
-0.15566466748714447
-0.15523910522460938
-0.1557718962430954
-0.15710243582725525
-0.15755242109298706
-0.15778502821922302
-0.15715458989143372
-0.15788795053958893
-0.1560257077217102
-0.1528829038143158
-0.152094304561615
-0.15235251188278198
-0.1498703956604004
-0.15012875199317932
-0.15007203817367554
-0.14463432133197784
-0.14215299487113953
-0.14394700527191162
-0.13690443336963654
-0.1352756768465042
-0.130377396941185
-0.12505535781383514
-0.1224445030093193
-0.1208895593881607
-0.11965367197990417
-0.11819624900817871
-0.11271020770072937
-0.10574024170637131
-0.09881874173879623
-0.09587264060974121
-0.0925273448228836
-0.08452063053846359
-0.07925871759653091
-0.0763290524482727
-0.07335156947374344
-0.0725160613656044
-0.07031279057264328
-0.06649237871170044
-0.06798959523439407
-0.06420808285474777
-0.06164554879069328
-0.06141314283013344
-0.0619000643491745
