-0.0156504288316
-0.00150930020027
0.00661071157083
0.00723667396232
0.00674238102511
0.00620562257245
0.00514158746228
0.00539204431698
0.0083698425442
0.011164912954
0.0110673066229
0.0110199805349
0.011717248708
0.0118085537106
0.0110035669059
0.0104007460177
0.0115701779723
0.0127259586006
0.0142730567604
0.014197524637
0.0123222377151
0.0102294366807
0.00722695933655
0.0044043357484
-0.000353218521923
-0.0045514209196
-0.00694297486916
-0.00785160250962
-0.00801787339151
-0.0082198921591
-0.0074963402003
-0.00524704065174
-0.00280479853973
0.000177796930075
0.00188838271424
0.00355924991891
0.00497038988397
0.00630869017914
0.0065955822356
0.00352067640051
0.000949028879404
-0.00368879176676
-0.00875270273536
-0.0134665817022
-0.0184746626765
-0.0235886499286
-0.0271324086934
-0.0289130844176
-0.0286275018007
-0.0288363471627
-0.0297481529415
-0.0304591562599
-0.0309111922979
-0.0306200273335
-0.0302805174142
-0.0307608991861
-0.0325963906944
-0.0342273116112
-0.0360730551183
-0.0377085916698
-0.0391060262918
-0.0404427498579
-0.0408985875547
-0.0398422442377
-0.039140086621
-0.0384611897171
-0.0369817055762
-0.0359359942377
-0.0354993604124
-0.0365780889988
-0.0368259958923
-0.0361937656999
-0.0359340980649
-0.0350520759821
-0.0343393795192
-0.0359921045601
-0.0373197756708
-0.0390469618142
-0.0413420572877
-0.0436203926802
-0.0465317852795
-0.049582965672
-0.0507013127208
-0.0514005720615
-0.0510782673955
-0.0495738610625
-0.0487896688282
-0.0498030781746
-0.0506058000028
-0.0515169240534
-0.0537654422224
-0.0559755787253
-0.0575805865228
-0.0591907911003
-0.0610955506563
-0.0629099681973
-0.0641114041209
-0.0638278499246
-0.0642808303237
-0.0661842525005
-0.0695198625326
-0.0746242552996
-0.0798236355186
-0.0841452479362
-0.0872623324394
-0.0906213596463
-0.0929834619164
-0.0931063890457
-0.0928247198462
-0.0930650308728
-0.0933150723577
-0.0941964536905
-0.0966193452477
-0.100093431771
-0.103815436363
-0.107317477465
-0.110538512468
-0.113486506045
-0.116876259446
-0.119932338595
-0.122690878808
-0.125431880355
-0.12880384922
-0.132869392633
-0.135962054133
-0.138672694564
-0.140126287937
-0.139345675707
-0.136771991849
-0.133845090866
-0.132834285498
-0.13044065237
-0.125572398305
-0.120324105024
-0.117187194526
-0.115978047252
-0.115972824395
-0.116529993713
-0.116531558335
-0.116272851825
-0.116471804678
-0.116492800415
-0.117030479014
-0.116536431015
-0.115030005574
-0.112256899476
-0.11033924669
-0.109496243298
-0.109555609524
-0.109275326133
-0.108733035624
-0.107537038624
-0.107222221792
-0.106545306742
-0.106283783913
-0.10610383004
-0.105377860367
-0.104985281825
-0.103295855224
-0.100823692977
-0.0978056043386
-0.0921140536666
-0.0858270600438
-0.0805899947882
-0.0765956789255
-0.0753532573581
-0.076250500977
-0.0763820782304
-0.0761608332396
-0.0752366855741
-0.0735777020454
-0.0728742033243
-0.0720065534115
-0.0710380077362
-0.0698326826096
-0.0677809268236
-0.066121570766
-0.0646089762449
-0.0624704174697
-0.0602945163846
