0
-9.701e-17
-1.1993e-16
-3.6015e-17
-3.5863e-17
-2.0946e-17
-1.7326e-17
-8.1725e-17
-8.1309e-18
-1.0677e-16
-2.2721e-16
-2.5718e-16
9.6549e-18
-5.8668e-17
-7.1756e-17
-9.0717e-17
2.6194e-17
-0.00037643
-0.0010173
-0.0019879
-0.0036776
-0.0062203
-0.0094785
-0.013622
-0.018825
-0.024905
-0.031698
-0.039419
-0.047953
-0.056827
-0.066245
-0.076371
-0.086393
-0.096563
-0.1072
-0.11748
-0.12761
-0.13785
-0.14774
-0.15712
-0.16647
-0.1754
-0.18368
-0.19163
-0.19932
-0.20624
-0.21266
-0.21891
-0.22449
-0.2294
-0.23421
-0.23854
-0.24216
-0.24541
-0.2488
-0.25145
-0.25359
-0.25588
-0.25772
-0.25911
-0.26039
-0.26158
-0.26232
-0.26285
-0.26339
-0.26371
-0.26366
-0.26365
-0.26369
-0.26332
-0.26292
-0.26272
-0.26225
-0.26167
-0.26125
-0.26081
-0.2602
-0.25964
-0.25917
-0.25864
-0.25798
-0.25744
-0.25701
-0.25633
-0.25562
-0.25538
-0.25473
-0.25412
-0.25382
-0.25346
-0.25298
-0.25265
-0.25241
-0.25212
-0.25173
-0.25154
-0.25137
-0.25099
-0.25072
-0.25076
-0.25065
-0.25062
-0.25095
-0.25129
-0.25153
-0.25208
-0.25269
-0.25312
-0.25358
-0.25412
-0.25442
-0.2546
-0.25482
-0.25488
-0.25469
-0.25455
-0.25442
-0.25398
-0.2535
-0.2534
-0.25291
-0.25245
-0.2523
-0.25206
-0.25173
-0.25091
-0.24965
-0.24762
-0.24483
-0.24112
-0.23652
-0.23094
-0.22451
-0.21721
-0.20916
-0.20042
-0.19113
-0.18136
-0.17124
-0.16086
-0.15036
-0.13982
-0.12931
-0.11899
-0.1089
-0.099122
-0.089705
-0.080691
-0.072122
-0.064018
