0.020280469208955765
0.017422739416360855
0.5386866331100464
0.37460821866989136
0.33501136302948
0.6998989582061768
0.662457287311554
0.10922156274318695
-0.0679750069975853
-0.0012691359734162688
0.1691577434539795
-0.0012691359734162688
-0.024724077433347702
-0.15196803212165833
0.4505711495876312
0.5794225335121155
0.5386248230934143
-0.0012691359734162688
0.2619631886482239
-0.0012691359734162688
0.01302148588001728
-0.0012691359734162688
-0.0012691359734162688
-0.0012691359734162688
-0.0012691359734162688
-0.017190074548125267
-0.0012691359734162688
0.34132179617881775
-0.0012691359734162688
-0.0012691359734162688
0.09371380507946014
-0.052402447909116745
-0.06297772377729416
-0.05922546237707138
-0.05583352968096733
-0.048627275973558426
-0.04977701976895332
-0.06385660916566849
-0.019205627962946892
-0.0012691359734162688
-0.0012691359734162688
0.04780847206711769
-0.08503527194261551
-0.06332007050514221
-0.07455853372812271
-0.12143780291080475
-0.12283551692962646
-0.10606011003255844
-0.0866359993815422
-0.09289468079805374
-0.06109152361750603
-0.08634251356124878
-0.07265947014093399
-0.03420519456267357
-0.040171992033720016
-0.09179029613733292
-0.11303103715181351
-0.12596379220485687
-0.11138086020946503
-0.11030738055706024
-0.1076604574918747
-0.10686055570840836
-0.10467556864023209
-0.129414364695549
-0.13892357051372528
-0.14742355048656464
-0.14477775990962982
-0.11325578391551971
-0.12562602758407593
-0.18031148612499237
-0.10536591708660126
-0.016724664717912674
-0.0012691359734162688
-0.0012691359734162688
-0.014292777515947819
-0.114625945687294
-0.12617439031600952
-0.1252317726612091
-0.14520201086997986
-0.12912197411060333
-0.1271837204694748
-0.11249732971191406
-0.11854080855846405
-0.12085339426994324
-0.15856866538524628
-0.16204750537872314
-0.09812367707490921
-0.07969980686903
-0.10243995487689972
-0.07073403894901276
-0.06617224216461182
-0.09295216202735901
-0.1064368262887001
-0.12305211275815964
-0.12692295014858246
-0.11398627609014511
-0.12089803069829941
-0.10760775208473206
-0.11700815707445145
-0.1251218467950821
-0.1071796715259552
-0.12384095788002014
-0.14682690799236298
-0.13088831305503845
-0.10478956252336502
-0.14957071840763092
-0.20072095096111298
-0.24233976006507874
-0.20920976996421814
-0.16652928292751312
-0.09553343802690506
-0.09556840360164642
-0.10408125817775726
-0.10335247218608856
-0.09326189756393433
-0.09184116870164871
-0.09936606138944626
-0.1005437895655632
-0.09580878168344498
-0.07558636367321014
-0.09771281480789185
-0.06145995855331421
0.08209553360939026
-0.18014243245124817
-0.10814786702394485
0.03330860286951065
0.2615731954574585
-0.12824608385562897
-0.1861034631729126
-0.1371355950832367
-0.09001661837100983
-0.08671407401561737
-0.0618583969771862
-0.06475754827260971
-0.0849543958902359
-0.09052249789237976
-0.08290819823741913
-0.06908809393644333
-0.09147185832262039
-0.06445185095071793
-0.07056722790002823
-0.06333767622709274
-0.05709654837846756
-0.07109731435775757
-0.06973164528608322
-0.05581254884600639
-0.05977815017104149
-0.05284003168344498
-0.06195839121937752
-0.04662291333079338
