-0.15973640978336334
-0.15859997272491455
-0.1541006863117218
-0.14995327591896057
-0.1462099552154541
-0.14465488493442535
-0.15261490643024445
-0.15573357045650482
-0.1534310132265091
-0.14846138656139374
-0.14263762533664703
-0.14085574448108673
-0.14097605645656586
-0.13779880106449127
-0.13746772706508636
-0.13426080346107483
-0.13455680012702942
-0.13102522492408752
-0.124360091984272
-0.12103649973869324
-0.1209651380777359
-0.11971233785152435
-0.12343668192625046
-0.1258104294538498
-0.12530642747879028
-0.11982876062393188
-0.11617788672447205
-0.11593057960271835
-0.12010636180639267
-0.11968527734279633
-0.12332914769649506
-0.12493312358856201
-0.1302829384803772
-0.1332550048828125
-0.13649272918701172
-0.1346096694469452
-0.13887372612953186
-0.14384688436985016
-0.15030287206172943
-0.16308380663394928
-0.1692502498626709
-0.1793534755706787
-0.18640337884426117
-0.19286736845970154
-0.19856074452400208
-0.2028316706418991
-0.2062809318304062
-0.21323488652706146
-0.2225109189748764
-0.2288399338722229
-0.23208162188529968
-0.24043656885623932
-0.24208007752895355
-0.24331241846084595
-0.24241629242897034
-0.24425044655799866
-0.24127575755119324
-0.2383909821510315
-0.23945994675159454
-0.237682044506073
-0.24212096631526947
-0.24397167563438416
-0.24397708475589752
-0.24691899120807648
-0.2474629431962967
-0.24865706264972687
-0.24650773406028748
-0.24556481838226318
-0.2444492131471634
-0.24289476871490479
-0.23863068222999573
-0.2428240180015564
-0.24010296165943146
-0.2368781566619873
-0.23937246203422546
-0.2381455898284912
-0.23905415832996368
-0.2316553145647049
-0.2264965921640396
-0.21559512615203857
-0.20892620086669922
-0.20399832725524902
-0.20084649324417114
-0.19925403594970703
-0.19416318833827972
-0.19499187171459198
-0.18790891766548157
-0.18785320222377777
-0.18477533757686615
-0.18275578320026398
-0.1824406534433365
-0.18297091126441956
-0.1855962574481964
-0.18689803779125214
-0.1865578144788742
-0.1836475431919098
-0.18193259835243225
-0.17918768525123596
-0.1749584674835205
-0.1721789836883545
-0.16856591403484344
-0.16992345452308655
-0.1679510921239853
-0.16955463588237762
-0.16997477412223816
-0.1768108457326889
-0.1780233085155487
-0.1759854555130005
-0.17345815896987915
-0.17176568508148193
-0.1710149049758911
-0.1736503392457962
-0.17854592204093933
-0.17871436476707458
-0.18696901202201843
-0.1904999017715454
-0.1958661824464798
-0.2006743848323822
-0.21187059581279755
-0.21541078388690948
-0.22818592190742493
-0.2311878800392151
-0.23344585299491882
-0.23771785199642181
-0.23244740068912506
-0.22699928283691406
-0.22449658811092377
-0.22295832633972168
-0.22461649775505066
-0.22773785889148712
-0.2294783592224121
-0.23382553458213806
-0.23719361424446106
-0.23662525415420532
-0.2378436028957367
-0.24127301573753357
-0.23235845565795898
-0.23851318657398224
-0.2390388697385788
-0.23835736513137817
-0.2429801970720291
-0.24557341635227203
-0.24383676052093506
-0.2413327544927597
-0.23773068189620972
-0.23324483633041382
-0.23504656553268433
-0.23041491210460663
-0.2299235463142395
-0.23112331330776215
