-0.00799322221428
0.0164434779435
0.0249763391912
0.0236309561878
0.0204171445221
0.016160197556
0.0123444963247
0.0101078767329
0.00949372164905
0.0110056325793
0.0145964547992
0.0144030693918
0.0120349861681
0.0107099413872
0.0205259826034
0.0201196111739
0.0190417859703
0.0183019470423
0.0166394170374
0.0169418212026
0.0176630746573
0.01532808505
0.0123111195862
0.0103073231876
0.0077842916362
0.00404943199828
0.00169842503965
-5.77140599489e-06
-0.000315919052809
-0.00367655884475
-0.00809008255601
-0.0109922979027
-0.0148005150259
-0.0187954548746
-0.0220512598753
-0.0235218666494
-0.023976104334
-0.0287586059421
-0.0199213065207
-0.0232115890831
-0.0277232099324
-0.0290552303195
-0.0301329996437
-0.0326892435551
-0.0366939231753
-0.0415544100106
-0.0471156872809
-0.0536449067295
-0.0601559467614
-0.0677009224892
-0.0751135125756
-0.0820585116744
-0.0884139314294
-0.0917892605066
-0.0928886979818
-0.0941126644611
-0.0941945686936
-0.0955257490277
-0.0931058228016
-0.0887895822525
-0.0816723629832
-0.0786608979106
-0.0794433876872
-0.0810430198908
-0.0842172726989
-0.0905922576785
-0.098014600575
-0.10850930959
-0.107251510024
-0.097240164876
-0.090531617403
-0.0862208008766
-0.0828978121281
-0.0837571248412
-0.0862665623426
-0.0902530103922
-0.0961509644985
-0.100770331919
-0.103732801974
-0.110387869179
-0.110468633473
-0.0990340262651
-0.0923746600747
-0.0903943106532
-0.0889131352305
-0.0882030948997
-0.0890966653824
-0.0900711789727
-0.0946206450462
-0.0935190394521
-0.0890891030431
-0.084413535893
-0.0809643864632
-0.0793026611209
-0.07676974684
-0.074367493391
-0.0739947706461
-0.0752285793424
-0.0760030671954
-0.0753886327147
-0.0718975588679
-0.0670870915055
-0.0626873597503
-0.0587238930166
-0.0602920353413
-0.0623170919716
-0.0593562200665
-0.054521754384
-0.0543117038906
-0.0571433641016
-0.0599034503102
-0.0602450631559
-0.0594366975129
-0.0598143041134
-0.0610281713307
-0.0624548755586
-0.0638302341104
-0.0654994174838
-0.0685262605548
-0.0746888741851
-0.0821612104774
-0.0855328962207
-0.0854247063398
-0.0860906019807
-0.0871348232031
-0.0874063670635
-0.0902603343129
-0.0942568928003
-0.0986255183816
-0.105124123394
-0.1104009673
-0.113176561892
-0.114148296416
-0.11370459944
-0.114859305322
-0.117610752583
-0.119879692793
-0.122504450381
-0.123771645129
-0.125338360667
-0.127438262105
-0.128493145108
-0.12546493113
-0.11594107002
-0.102207444608
-0.0904995948076
-0.0843488574028
-0.080771446228
-0.0794102400541
-0.0790666341782
