0
-1.7053e-16
-1.0768e-16
-1.7903e-16
-2.7548e-16
-1.7792e-16
-2.0032e-16
-2.4757e-16
-1.0261e-16
-1.1364e-16
-8.0133e-17
-1.6083e-16
-8.4838e-17
-2.2964e-16
-2.2403e-17
-1.0113e-16
-8.8583e-17
-1.0721e-16
-8.7262e-17
2.5554e-18
-5.5734e-17
7.9984e-18
-3.778e-17
-9.7933e-17
-4.534e-16
3.2002e-18
2.2562e-18
4.5121e-18
8.3102e-18
4.1131e-16
2.4136e-16
2.3886e-16
2.324e-16
2.2287e-16
3.8307e-16
3.7511e-16
2.003e-16
1.9828e-16
3.6817e-16
2.1446e-16
-2.6608e-17
-2.6391e-16
-1.8961e-17
-2.322e-16
-7.1428e-18
-2.1651e-16
-1.7198e-16
-2.0222e-16
-1.6258e-16
4.2052e-16
2.4979e-16
4.1764e-16
2.4117e-16
2.3044e-16
2.172e-16
3.7485e-16
3.1212e-16
-3.7289e-17
-2.5408e-16
-3.2226e-17
-2.4738e-17
-1.3205e-17
-1.8368e-19
1.082e-17
1.7516e-17
-1.9878e-16
1.6033e-17
1.0059e-17
-2.138e-16
-2.185e-16
-2.2154e-16
-2.2165e-16
-4.6033e-19
0.00023593
0.00053361
0.00084198
0.0011463
0.0015049
0.0020067
0.0025174
0.0030003
0.0034513
0.0039829
0.0045534
0.0051027
0.0056166
0.0060961
0.0066769
0.0072469
0.0077888
0.0082973
0.0087961
0.0093416
0.0098675
0.01055
0.011435
0.012481
0.013535
0.014554
0.015739
0.017066
0.018434
0.019741
0.021002
0.022332
0.023776
0.025157
0.026446
0.027726
0.029047
0.030385
0.031637
0.032793
0.033964
0.035144
0.036287
0.037517
0.039069
0.040596
0.042125
0.04357
0.04519
0.04689
0.048508
0.050027
0.051439
0.053035
0.054557
0.055973
0.057281
0.058528
0.059898
0.061163
0.06233
0.063394
0.064439
0.065495
0.06643
0.067637
0.068903
0.070221
0.071517
0.072785
0.07415
0.075521
0.076843
0.078007
0.079205
0.080409
0.081552
0.082578
0.083461
0.084435
0.085351
0.086178
0.086876
0.087512
0.088145
0.088706
0.089328
0.090115
0.090999
0.091845
0.092735
0.093518
0.094483
0.095408
0.096218
0.096949
0.097671
0.098454
0.09913
0.099678
0.10017
0.10067
0.10115
0.10151
0.10176
0.10196
0.10219
0.10231
0.1026
0.10312
0.10361
0.10416
0.10452
0.10518
0.10578
0.10632
0.10673
0.1071
0.10761
0.10801
0.10831
0.10847
0.1087
0.10894
0.10909
0.10913
0.10906
0.1091
0.10905
0.10903
0.10917
0.10943
0.10976
0.11001
0.11027
0.1106
0.11095
0.11122
0.11136
0.11159
0.11182
0.11201
0.11205
0.11208
0.11213
0.11215
0.11208
0.1119
0.11174
0.11156
0.11136
0.11127
0.11143
0.11158
0.11179
0.11187
0.11212
0.11241
0.11263
0.11275
0.1128
0.11304
0.11319
0.11324
0.1132
0.11316
0.11317
0.11307
0.11287
0.11259
0.11234
0.11204
0.11176
0.11178
0.11183
0.11197
0.11198
0.11214
0.11237
0.11257
0.11269
0.1127
0.11289
0.11301
0.11306
0.11298
0.11292
0.1129
0.11281
0.11263
0.11233
0.11212
0.11185
0.11161
0.1115
0.11158
0.11171
0.11183
0.11192
0.1121
0.11232
0.11246
0.11249
0.11255
0.11268
0.11274
0.11268
0.11258
0.1125
0.11242
0.11225
0.11197
0.1117
0.11143
0.11112
0.11097
0.11107
0.11114
0.11128
0.11127
0.11153
0.11178
0.11195
0.11202
0.11206
0.11225
0.11235
0.11235
0.11225
0.11223
0.11221
0.11211
0.1119
0.11159
0.11139
0.11108
0.11088
0.11086
0.11091
0.11102
0.11102
0.1112
0.1114
0.1116
0.11168
0.11175
0.11189
0.112
0.11203
0.11192
0.11191
0.11187
0.11177
0.11157
0.11131
0.11107
0.11078
0.11058
0.11058
0.11069
0.11078
0.11093
0.11101
0.1113
0.11153
0.11167
0.11175
0.11188
0.11202
0.11207
0.11199
0.11189
0.11187
0.11177
0.11156
0.11128
0.111
0.11071
0.11032
0.11042
0.11049
0.11059
0.11067
0.11083
0.11112
0.11135
0.11149
0.11148
0.11171
0.11186
0.11191
0.11185
0.11177
0.11179
0.11171
0.11155
0.11128
0.11109
0.11085
0.11061
0.11055
0.11062
0.11078
0.11087
0.11097
0.11116
0.11138
0.11151
0.11155
0.11165
0.11178
0.11185
0.11178
0.11173
0.11169
0.11162
0.11144
0.11119
0.11094
0.11068
0.11043
0.11041
0.11053
0.11062
0.11076
0.11082
0.11111
0.11135
0.1115
0.11158
0.11171
0.11189
0.11197
0.11195
0.11185
0.11188
0.11181
0.11164
0.11138
0.1111
0.11083
0.11044
0.10994
0.10937
0.10883
0.10827
0.10758
0.10679
0.10597
0.10513
0.10421
0.10323
0.10219
0.10115
0.10006
0.098905
0.097703
0.09647
0.09521
0.093907
0.092566
0.091194
0.089801
0.088382
0.086937
0.085479
0.084026
0.082507
0.080966
0.079401
0.077814
0.076207
0.074585
0.072952
0.071313
