0.020280469208955765
-0.0012691359734162688
-0.0012691359734162688
-0.0012691359734162688
-0.0012691359734162688
-0.0012691359734162688
-0.0012691359734162688
-0.0012691359734162688
-0.0012691359734162688
-0.0012691359734162688
-0.0012691359734162688
-0.0012691359734162688
-0.0012691359734162688
-0.0012691359734162688
-0.0012691359734162688
-0.0012691359734162688
-0.0012691359734162688
-0.0012691359734162688
-0.0012691359734162688
-0.0012691359734162688
-0.0012691359734162688
-0.0012691359734162688
-0.0012691359734162688
-0.0012691359734162688
-0.0012691359734162688
-0.0012691359734162688
-0.0012691359734162688
-0.0012691359734162688
-0.0012691359734162688
-0.0012691359734162688
-0.0012691359734162688
-0.0012691359734162688
-0.0012691359734162688
-0.0012691359734162688
-0.0012691359734162688
-0.0012691359734162688
-0.0012691359734162688
-0.0012691359734162688
-0.0012691359734162688
-0.0012691359734162688
-0.0012691359734162688
-0.0012691359734162688
-0.0012691359734162688
-0.0012691359734162688
-0.0012691359734162688
-0.0012691359734162688
-0.0012691359734162688
-0.0012691359734162688
-0.0012691359734162688
-0.0012691359734162688
-0.0012691359734162688
-0.0012691359734162688
-0.0012691359734162688
-0.0012691359734162688
-0.0012691359734162688
-0.0012691359734162688
-0.0012691359734162688
-0.0012691359734162688
-0.0012691359734162688
-0.0012691359734162688
-0.0012691359734162688
-0.0012691359734162688
-0.0012691359734162688
-0.0012691359734162688
-0.0012691359734162688
-0.0012691359734162688
-0.0012691359734162688
-0.0001222557621076703
0.0068811713717877865
0.004282405134290457
-0.0012691359734162688
-0.0012691359734162688
-0.0012691359734162688
-0.0012691359734162688
-0.0012691359734162688
-0.0012691359734162688
-0.0012691359734162688
-0.0012691359734162688
-0.0012691359734162688
-0.0012691359734162688
-0.0012691359734162688
-0.0012691359734162688
-0.0012691359734162688
-0.0012691359734162688
-0.0012691359734162688
-0.0012691359734162688
-0.0012691359734162688
-0.0012691359734162688
-0.0012691359734162688
-0.0012691359734162688
-0.0012691359734162688
-0.0012691359734162688
-0.0012691359734162688
-0.0012691359734162688
-0.0012691359734162688
-0.0012691359734162688
-0.00021957035642117262
-0.0004169204621575773
0.0018858247203752398
-0.0012691359734162688
-0.0012691359734162688
-0.0012691359734162688
-0.0012691359734162688
-0.0012691359734162688
0.001484329579398036
-0.0003177743055857718
0.0023852363228797913
0.001800001598894596
0.001993961166590452
0.002060750499367714
0.007797767408192158
0.0066593000665307045
0.007267666980624199
0.009271171875298023
0.006754154339432716
0.008777323178946972
0.010397837497293949
0.010678364895284176
0.011296379379928112
0.011903715319931507
0.012026814743876457
0.011837027966976166
0.010331620462238789
0.009898039512336254
0.01125575415790081
0.011480006389319897
0.014428938739001751
0.012110981158912182
0.0110526317730546
0.01171809434890747
0.010837066918611526
0.011817440390586853
0.011164923198521137
0.01122905220836401
0.01176091842353344
0.011565756052732468
0.010744648985564709
0.011815162375569344
0.01200390886515379
0.011795139871537685
0.012565063312649727
0.013541752472519875
0.014275100082159042
0.01447052601724863
0.014882317744195461
0.015074079856276512
0.014532732777297497
0.012830170802772045
0.013162169605493546
0.014190278947353363
0.015960944816470146
0.015733497217297554
0.01531295571476221
0.016094038262963295
0.015533027239143848
0.015658633783459663
0.01540075708180666
0.016064925119280815
0.015712151303887367
0.015035057440400124
0.015886766836047173
0.015010950155556202
0.0158259104937315
0.015356801450252533
0.024145863950252533
0.024042727425694466
0.026944974437355995
0.02473471127450466
0.024712039157748222
0.024231916293501854
0.01892123557627201
0.018834073096513748
0.01997067779302597
0.019516637548804283
0.01926823891699314
0.024835405871272087
0.02793503738939762
0.027663206681609154
0.029253967106342316
0.030595043674111366
0.02838151343166828
0.02917296625673771
0.02810192108154297
0.034336816519498825
0.03574686124920845
0.032977569848299026
0.03342166915535927
0.029386676847934723
0.031995318830013275
0.03359907865524292
0.03238597512245178
0.03220890462398529
0.02538369968533516
0.02756202593445778
0.025099115446209908
0.034391146153211594
0.03913223370909691
0.0377015545964241
0.026446126401424408
0.02543800324201584
0.022465422749519348
0.02135976031422615
0.021532723680138588
0.021995339542627335
0.022394197061657906
0.023483527824282646
0.023912500590085983
0.023938080295920372
0.024101221933960915
0.02424047328531742
0.0251371581107378
0.02556019462645054
0.026820261031389236
0.02457408420741558
0.02432822808623314
0.024823537096381187
0.024891115725040436
0.024785742163658142
0.02469315007328987
0.02740916609764099
0.028881937265396118
0.026592416688799858
0.02481628581881523
0.021257489919662476
0.016466902568936348
0.020747236907482147
0.018365509808063507
0.02338479273021221
0.020454619079828262
0.021789031103253365
0.022098783403635025
0.025014128535985947
0.02431427128612995
0.022360336035490036
0.023819824680685997
0.023044589906930923
0.02450997568666935
0.020231982693076134
0.020477062091231346
0.024702224880456924
0.022200582548975945
0.0241013765335083
0.026058807969093323
0.026371998712420464
0.026472218334674835
0.02598036453127861
0.028754130005836487
0.026255225762724876
0.023460786789655685
0.024183129891753197
0.024721939116716385
0.02510908804833889
0.026251720264554024
0.03179005905985832
0.031236086040735245
0.02574155107140541
0.026687510311603546
0.02575315535068512
0.026554469019174576
0.025350306183099747
0.02343973144888878
0.02104177139699459
0.02132636308670044
0.023821497336030006
0.024204235523939133
0.02548964135348797
0.03133324161171913
0.02891799993813038
0.02598445676267147
0.02465718984603882
0.024377627298235893
0.024512160569429398
0.023513633757829666
0.02371407113969326
0.02330920659005642
0.022591689601540565
0.01884080469608307
0.02148570865392685
0.026634683832526207
0.02378973923623562
0.025166669860482216
0.025872131809592247
0.023917991667985916
0.023454587906599045
0.02327648177742958
0.02370322123169899
0.027067307382822037
0.023943167179822922
0.03002278320491314
0.024515541270375252
0.024532103911042213
0.024937577545642853
0.0328294038772583
0.03246498480439186
0.03236004710197449
0.026948120445013046
0.03193313255906105
0.02300199307501316
0.024151116609573364
0.022775093093514442
0.023705460131168365
0.026200687512755394
0.029138648882508278
0.031174585223197937
0.029610244557261467
0.027980487793684006
0.02637867070734501
0.02275286428630352
0.021606536582112312
0.02074139006435871
0.02162284031510353
0.022575903683900833
0.0245160311460495
0.025838324800133705
0.02563539147377014
0.02644795924425125
0.02699878253042698
0.026684818789362907
0.027258669957518578
0.026357125490903854
0.027209773659706116
0.02709464356303215
0.02610926330089569
0.026799313724040985
0.02691265195608139
0.0239284485578537
0.025005828589200974
0.02571476809680462
0.025606142356991768
0.02587549202144146
0.026259493082761765
0.025596732273697853
0.024525238201022148
0.025165705010294914
0.02631624974310398
0.027033966034650803
0.02573910914361477
0.02528621442615986
0.02597242034971714
0.024754349142313004
0.025544453412294388
0.02730400115251541
0.02640858292579651
0.026002807542681694
0.026044879108667374
0.025657188147306442
0.02513636089861393
0.024335918948054314
0.02491264045238495
0.027113482356071472
0.025023292750120163
0.02400098368525505
0.023685235530138016
0.02284664660692215
0.02162638120353222
0.02194681391119957
0.02284889854490757
0.023215213790535927
0.02391466125845909
0.027491193264722824
0.024180768057703972
0.024755656719207764
0.02651296928524971
0.029157163575291634
0.02548552118241787
0.02577791176736355
0.023520464077591896
0.02436724118888378
0.024249501526355743
0.026602718979120255
0.02672995626926422
0.026569051668047905
0.02693374641239643
0.028307843953371048
0.028403451666235924
0.027473323047161102
0.027714639902114868
0.026680827140808105
0.02709338441491127
0.031138921156525612
0.030384419485926628
0.02584618143737316
0.027087034657597542
0.022064974531531334
0.019834788516163826
0.020919375121593475
0.021343249827623367
0.021212870255112648
0.02284286357462406
0.02281845547258854
0.02273053489625454
0.023892119526863098
0.022601252421736717
0.022087089717388153
0.022890305146574974
0.023771170526742935
0.022538909688591957
0.02029218152165413
0.019014794379472733
0.02037937194108963
0.02749662660062313
0.029118333011865616
0.028101174160838127
0.023169729858636856
0.02405559830367565
0.05468441918492317
0.06032498925924301
0.05299961566925049
0.02238822542130947
0.04288514703512192
0.07514264434576035
0.06058362498879433
0.03203735500574112
0.020135628059506416
0.03022817149758339
0.06652186065912247
0.07099343091249466
0.06114037334918976
0.02301805466413498
0.02002694457769394
0.01920258067548275
0.020159682258963585
0.020292507484555244
0.018268223851919174
0.01728217303752899
0.014936959370970726
0.014281908981502056
0.014243868179619312
0.014492711052298546
0.014502977021038532
0.014862099662423134
0.014934772625565529
0.014703216031193733
0.016060099005699158
0.013490777462720871
0.013701597228646278
0.013933509588241577
0.01347315777093172
0.012960298918187618
0.012995250523090363
0.011467169038951397
0.012080324813723564
0.011867372319102287
0.010900169610977173
0.010807064361870289
0.009980753995478153
0.010147218592464924
0.009170382283627987
