0.08879033476114273
0.08893735706806183
0.09045238047838211
0.090685173869133
0.09143804758787155
0.09165073186159134
0.08711094409227371
0.08095192909240723
0.0789838507771492
0.07389289885759354
0.0690738707780838
0.06990669667720795
0.0694160982966423
0.0715538039803505
0.07263495028018951
0.07224447280168533
0.07201632112264633
0.07095670700073242
0.07099521905183792
0.07153121381998062
0.07063888758420944
0.07007593661546707
0.06897644698619843
0.06868065893650055
0.06965768337249756
0.0699739009141922
0.06993404775857925
0.06963419914245605
0.07383180409669876
0.07759964466094971
0.0787757933139801
0.07652809470891953
0.07754743844270706
0.07506930828094482
0.07690227776765823
0.07694720476865768
0.0768417939543724
0.07381296157836914
0.06870298087596893
0.07212495803833008
0.07608189433813095
0.07920660823583603
0.08068796247243881
0.07776742428541183
0.0789404958486557
0.07990638166666031
0.07875112444162369
0.07670716941356659
0.07148006558418274
0.07245995849370956
0.07245761156082153
0.06810007244348526
0.06480307877063751
0.0642291009426117
0.06612813472747803
0.06725694239139557
0.06665415316820145
0.06873694807291031
0.07235084474086761
0.07628492265939713
0.0779249370098114
0.07863914221525192
0.07885229587554932
0.08007907122373581
0.07964422553777695
0.08468655496835709
0.08953806012868881
0.09661035984754562
0.09883813560009003
0.09786251187324524
0.09542305767536163
0.10028241574764252
0.1063375174999237
0.1135004311800003
0.12273407727479935
0.12142656743526459
0.11948192864656448
0.11954409629106522
0.11576717346906662
0.11688753217458725
0.11487437784671783
0.12042137235403061
0.12416746467351913
0.12492047250270844
0.12566044926643372
0.12792623043060303
0.12255213409662247
0.12621526420116425
0.13008517026901245
0.12927097082138062
0.1335822492837906
0.1362328678369522
0.13819165527820587
0.13303421437740326
0.13169419765472412
0.13662107288837433
0.14067435264587402
0.14249344170093536
0.14839157462120056
0.15117523074150085
0.1559983491897583
0.1562672108411789
0.1538793444633484
0.14824533462524414
0.14686553180217743
0.14759603142738342
0.14553920924663544
0.14739574491977692
0.14668874442577362
0.14391906559467316
0.14221322536468506
0.14310546219348907
0.14114393293857574
0.1430964320898056
0.14249086380004883
0.14513669908046722
0.14898428320884705
0.14785334467887878
0.15070770680904388
0.1510351151227951
0.1518547087907791
0.1567515879869461
0.1548602432012558
0.1579260379076004
0.1646641045808792
0.16670826077461243
0.16411985456943512
0.1648196130990982
0.1623792052268982
0.16006341576576233
0.15812943875789642
0.15982148051261902
0.16114889085292816
0.1608171910047531
0.15405894815921783
0.15168344974517822
0.1486537605524063
0.1469959169626236
0.14854668080806732
0.14898227155208588
0.15014582872390747
0.15325550734996796
0.15874607861042023
0.16138336062431335
0.16719214618206024
0.16744908690452576
0.16997948288917542
0.1699948012828827
0.16331036388874054
0.16356153786182404
0.16383162140846252
0.16306069493293762
0.1634947508573532
0.1663426011800766
0.1690637618303299
0.17591775953769684
0.18034392595291138
0.17853839695453644
0.1837174892425537
0.18665479123592377
0.1883026361465454
0.19124910235404968
0.19563104212284088
0.1988844871520996
0.1957056075334549
0.19676713645458221
0.19591248035430908
0.1991494596004486
0.20216034352779388
0.19725170731544495
0.19873985648155212
0.2023577243089676
0.20674249529838562
0.20724795758724213
0.20858041942119598
0.20590707659721375
0.20330148935317993
0.1999281644821167
0.19790250062942505
0.19666935503482819
0.19724218547344208
0.20405417680740356
0.20776616036891937
0.2156129777431488
0.22290587425231934
0.23052941262722015
0.23007577657699585
0.22761878371238708
0.22023414075374603
0.21708084642887115
0.21539753675460815
0.21160805225372314
0.21161974966526031
0.2116708904504776
0.21266524493694305
0.21760714054107666
0.22276924550533295
0.22427049279212952
0.22249826788902283
0.22255270183086395
0.22081111371517181
0.21475617587566376
0.21534305810928345
0.21703369915485382
0.21469204127788544
0.21683144569396973
0.2188202142715454
0.22000975906848907
0.22203388810157776
0.22221530973911285
0.21760164201259613
0.21318092942237854
0.20766310393810272
0.2030804306268692
0.20060458779335022
0.20295089483261108
0.2018214613199234
0.19827602803707123
0.19694213569164276
0.19806614518165588
0.19857800006866455
0.20018121600151062
0.200850248336792
0.20076121389865875
0.19897139072418213
0.20038898289203644
0.20020249485969543
0.19707566499710083
0.19528478384017944
0.19277797639369965
0.1946430206298828
0.20212845504283905
0.20215336978435516
0.20511958003044128
0.21162553131580353
0.20958510041236877
0.20734772086143494
0.2088259756565094
0.20739240944385529
0.20818087458610535
0.20529042184352875
0.2014414519071579
0.19784991443157196
0.1925439089536667
0.19487783312797546
0.19488856196403503
0.19861939549446106
0.20441721379756927
0.20423702895641327
0.1989358514547348
0.19285228848457336
0.1898723691701889
0.1906593143939972
0.18777084350585938
0.18435484170913696
0.18490006029605865
0.18096590042114258
0.18160326778888702
0.18207578361034393
0.18232019245624542
0.18444441258907318
0.18669557571411133
0.18645834922790527
0.18212686479091644
0.18448978662490845
0.1866329461336136
0.1853652447462082
0.18849295377731323
0.1892796754837036
0.19210286438465118
0.20098279416561127
0.2064264863729477
0.20664505660533905
0.2092510610818863
0.2082797735929489
0.20892494916915894
0.2131488025188446
0.2178373485803604
0.2182702124118805
0.22181643545627594
0.22033599019050598
0.2197175770998001
0.21298664808273315
0.20960497856140137
0.20584173500537872
0.19977833330631256
0.19834120571613312
0.19171226024627686
0.1921754777431488
0.18791985511779785
0.18417121469974518
0.18468081951141357
0.18381336331367493
0.18398499488830566
0.18141083419322968
0.18244881927967072
0.18551285564899445
0.19079488515853882
0.18891382217407227
0.18940192461013794
0.18635167181491852
0.18454964458942413
0.18789231777191162
0.1819123774766922
0.17271895706653595
0.17030391097068787
0.1693260371685028
0.1738857924938202
0.1763438582420349
0.17511796951293945
0.1819932460784912
0.1870976835489273
0.18975681066513062
0.18917572498321533
0.19112098217010498
0.1903122067451477
0.1926863193511963
0.19538892805576324
0.19771847128868103
0.1935705542564392
0.1981920599937439
0.1994972974061966
0.20017467439174652
0.19787092506885529
0.19608092308044434
0.19215209782123566
0.19434601068496704
0.19565913081169128
0.1960858702659607
0.1945294886827469
0.19922742247581482
0.20027944445610046
0.20167650282382965
0.2052028775215149
0.2032415121793747
0.2035115361213684
0.2085586041212082
0.21358738839626312
0.2190227210521698
0.22307586669921875
0.21859316527843475
0.21212631464004517
0.20831434428691864
0.2054070681333542
0.20864486694335938
0.21290335059165955
0.2183556854724884
0.22464457154273987
0.22888925671577454
0.22869226336479187
0.22361600399017334
0.22271941602230072
0.22047923505306244
0.21729806065559387
0.2187347561120987
0.21944256126880646
0.22541414201259613
0.2233123630285263
0.22079026699066162
0.22050811350345612
0.22019563615322113
0.21530140936374664
0.2122650295495987
0.21535809338092804
0.2178231030702591
0.22057759761810303
0.22376196086406708
0.23308110237121582
0.2312978208065033
0.22845499217510223
0.22695396840572357
0.2257903516292572
0.22222544252872467
0.21742962300777435
0.2140474170446396
0.20879550278186798
0.20389842987060547
0.2019650787115097
0.1990833729505539
0.19157730042934418
0.19223853945732117
0.1962176412343979
0.1936870664358139
0.19962486624717712
0.195485457777977
0.1908101886510849
0.18926386535167694
0.18444055318832397
0.18536126613616943
0.18139290809631348
0.1833900809288025
0.18723274767398834
0.1822340488433838
0.17350837588310242
0.1699567586183548
0.16504447162151337
0.16158635914325714
0.1609649509191513
0.15947231650352478
0.16242511570453644
0.1616058051586151
0.16978967189788818
0.17137347161769867
0.16859574615955353
0.16722869873046875
0.16798743605613708
0.165220707654953
0.16020238399505615
0.15471762418746948
0.15043093264102936
0.14092648029327393
0.1427992582321167
0.1424022912979126
0.1447455734014511
0.14805477857589722
0.14991483092308044
0.14875392615795135
0.15116962790489197
0.15070316195487976
0.15253333747386932
0.1570630967617035
0.14713029563426971
0.1468818336725235
0.15060147643089294
0.15432573854923248
0.15387123823165894
0.15537472069263458
0.1526876986026764
0.14644858241081238
0.15027736127376556
0.15000019967556
0.1460161656141281
0.14538432657718658
0.1471492350101471
0.14410454034805298
0.14538678526878357
0.14114786684513092
0.13761022686958313
0.1338915079832077
0.13353119790554047
0.1387593001127243
0.13612283766269684
0.1301027238368988
0.12802015244960785
0.13013218343257904
0.13197852671146393
0.14216914772987366
0.14354300498962402
