0.0558908805251
0.0474342405796
0.0549363084137
0.0564407706261
0.0546422079206
0.0522620305419
0.0499082021415
0.046975094825
0.0443838499486
0.0411969833076
0.0375849492848
0.0351331941783
0.0329820923507
0.0303578078747
0.0283534750342
0.0266226902604
0.0259173363447
0.0254750624299
0.0245194267482
0.023755621165
0.0223086792976
0.0207727309316
0.0201837457716
0.0191597230732
0.0182510130107
0.0174549147487
0.016804870218
0.0165836811066
0.0167653691024
0.0172294415534
0.0183973014355
0.0194979570806
0.020955549553
0.0224335025996
0.0244220606983
0.0269797593355
0.028951253742
0.03016095981
0.0307888872921
0.0312749221921
0.0320823788643
0.032617945224
0.0325383879244
0.0316554643214
0.0309856794775
0.0301297865808
0.029824309051
0.0290710888803
0.0281094349921
0.0266446620226
0.0246875882149
0.0226086173207
0.0205614827573
0.0188171863556
0.016742752865
0.0159117430449
0.0150973573327
0.0145943406969
0.0144361704588
0.0148805975914
0.015731472522
0.0176589712501
0.0192031227052
0.0206823721528
0.0219586379826
0.0232459809631
0.0245450213552
0.0257131531835
0.0260749328882
0.0261005666107
0.0265414975584
0.0270474292338
0.0274538397789
0.0271861217916
0.0270187593997
0.0264919325709
0.0260134190321
0.0256178807467
0.0258865039796
0.0259982999414
0.0259161349386
0.0256883706897
0.0253538060933
0.0257194712758
0.0271128825843
0.0287986695766
0.0302900150418
0.0316771455109
0.0334426946938
0.035122089088
0.0371502116323
0.0394091270864
0.0416006855667
0.0428305603564
0.0437081605196
0.0447197072208
0.0459313765168
0.0464727394283
0.0475068055093
0.0484424345195
0.0490668006241
0.0496676303446
0.0499345436692
0.0503533408046
0.0502797216177
0.0497377812862
0.0490270704031
0.0479206033051
0.0471030510962
0.0462463051081
0.0459169819951
0.0460004396737
0.0459978431463
0.0456786602736
0.045539945364
0.0459078587592
0.0464884415269
0.0474857911468
0.0485862083733
0.0495354905725
0.0505816750228
0.051760327071
0.0528557896614
0.0541384071112
0.0557407513261
0.0576836504042
0.0593074783683
0.06009362638
0.0604925081134
0.0608474090695
0.0608042404056
0.0604054629803
0.0604394897819
0.060066178441
0.0600171610713
0.0598101019859
0.0600351840258
0.0599561259151
0.0603419840336
0.0609586164355
0.0606604143977
0.060557462275
0.0601627156138
0.0595810189843
0.0591987892985
0.0597882568836
0.0601705759764
0.0598090067506
0.0593182519078
0.0591400712729
0.0593113154173
0.0599580109119
0.0609214380383
0.0615062266588
0.0622654259205
0.0630703046918
0.0637439489365
0.0646383240819
0.0660525783896
0.0681190043688
0.0700079873204
0.0704756528139
0.0707472711802
0.0715211778879
0.0725607052445
0.0726741924882
0.072514437139
0.0715411454439
0.071239516139
0.0707953423262
0.0691967904568
0.0684558451176
0.0675853192806
0.0664284676313
0.0650675967336
0.0619767680764
0.0593790784478
0.0578842461109
0.056927099824
0.056596595794
0.057231862098
0.0585257485509
0.0577513948083
0.0567303486168
0.0554428882897
0.054590407759
0.0548630841076
0.0556437373161
0.056972913444
0.0577497556806
0.0591488182545
0.0614611804485
0.0637991726398
0.0654256269336
0.065394513309
0.0667184591293
0.0690681859851
0.0696290060878
0.0684752762318
0.0669114217162
0.0651005581021
0.0637860894203
0.0632594972849
0.0634311661124
0.0634066388011
0.0635292753577
0.063452526927
0.0628733411431
0.0625629425049
0.0616806820035
0.0613631382585
0.0602488815784
0.0595634132624
0.0589337274432
0.0587045699358
0.0575870387256
0.0568764023483
0.0558347813785
0.0549130402505
0.0541003979743
0.0533994659781
0.0529179945588
0.0522569678724
0.0519315190613
0.0506200268865
0.0492705330253
0.047508366406
0.0468200370669
0.0467104762793
0.0468486696482
0.0458467379212
0.0441799536347
0.0416973233223
0.039607860148
0.0377642549574
0.0373778752983
0.0359660238028
0.0354877337813
0.0351221747696
0.0348449237645
0.0348327122629
0.0355422198772
0.035338062793
0.0351915806532
0.0356604754925
0.0366024933755
0.0376191772521
0.039289418608
0.0405765771866
0.0411175899208
0.0415912307799
0.0420606173575
0.0430872701108
0.0441054552794
0.0456826277077
0.0471217185259
0.0482854507864
0.0491892769933
0.0499761626124
0.050876930356
0.0512087345123
0.0514115765691
0.0515129230917
0.0521360263228
0.0531118474901
0.0535498261452
0.0532454103231
0.0529583618045
0.0533902086318
0.0537410788238
0.0535920076072
0.0535081289709
0.053149715066
0.0526621900499
0.050864379853
0.0491674095392
0.0487114414573
0.049806792289
0.0512047037482
0.0521069914103
0.0526792667806
0.0542815700173
0.0559702403843
0.0577607452869
0.0587829053402
0.059334538877
0.0602088868618
0.0611243247986
0.0624255761504
0.0636093765497
0.0647583901882
0.0659300610423
0.0664234980941
0.0662596300244
0.0652427300811
0.0636923164129
0.0630709305406
0.0634698346257
0.0638352259994
0.0635513141751
0.0621510148048
0.0603421702981
0.0582956150174
0.0565861910582
0.0549648702145
0.0534616708755
0.0521290488541
0.0507379956543
0.0499967299402
0.0491381287575
0.0483341515064
0.0479461625218
0.04830314219
0.0486800596118
0.0497045628726
0.0505650639534
0.0513858012855
0.0525513738394
0.0535377003253
0.0541874021292
0.0551282651722
0.0567135959864
0.0577285811305
0.0585034638643
0.0597884878516
0.0612216889858
0.061465702951
0.0621832162142
0.0631489306688
0.0640333369374
0.0643828585744
0.0650261640549
0.0657867863774
0.0661893337965
0.0663998499513
0.0664736256003
0.0664392486215
0.0662624761462
0.0660487562418
0.0655912458897
0.0646511986852
0.0632116422057
0.0624850392342
0.0621146187186
0.0614928007126
0.0611004978418
0.0608633384109
0.0599101260304
0.058957375586
0.0583989396691
0.0584332793951
0.0585992559791
0.0589554831386
0.0594172179699
0.0601516887546
0.0611798986793
0.0630618780851
0.065674751997
0.0686819925904
0.0720680654049
0.0743771567941
0.0758024081588
0.077554307878
0.079062923789
0.0789982974529
0.0776088014245
0.0761457383633
0.0751989707351
0.074582092464
0.0739392340183
0.073104813695
0.0725325718522
0.0723023489118
0.0717419311404
0.0710336789489
0.0707706511021
0.071271173656
0.0722447931767
0.073040805757
0.0738560557365
0.0747196376324
0.0751837193966
0.0757228583097
0.0764827430248
0.0764552950859
0.0758595317602
0.0754233077168
0.0753749683499
0.0765989795327
0.077854514122
0.0793084055185
0.0808862447739
0.0829812139273
0.0849301740527
0.0863173529506
0.0866850242019
0.087473616004
0.0885214209557
0.0892407745123
0.0901246890426
0.0908873900771
0.0913009569049
0.0914550498128
0.0914733931422
0.091284647584
0.0910828113556
0.0906465649605
0.0901952832937
0.0898382142186
0.0888315141201
0.0877518579364
0.0870211273432
0.0869928523898
0.0875560566783
0.0880752205849
0.0891879871488
0.0905805751681
0.0912328362465
0.0916344299912
0.0918740406632
0.0922755822539
0.0930472761393
0.0939153283834
0.0948682501912
0.0962745025754
0.0974566787481
0.097936116159
0.0974863544106
0.0967510342598
0.0956919491291
0.0953184813261
0.0950183719397
0.0945048108697
0.0929961949587
0.0914630964398
0.0903143882751
0.0888436362147
0.0877581164241
0.0862534120679
0.0844328254461
0.0816108360887
0.0788433477283
0.0758903175592
0.0731018036604
0.0705138370395
0.0682668611407
0.0655334740877
0.0624387934804
