0
-2.7768e-16
-2.7578e-16
-2.1625e-16
-2.1321e-16
-9.9023e-17
-3.8152e-16
2.4939e-17
-7.9888e-17
-1.6847e-16
3.0165e-17
-3.1124e-16
2.0017e-17
-5.9993e-17
-3.4957e-17
-6.5147e-17
-8.5187e-17
-2.1115e-16
-2.1187e-16
-1.6571e-16
2.3863e-16
2.4275e-16
2.4697e-16
2.4656e-16
2.6037e-16
2.2766e-16
3.3029e-16
2.0281e-16
1.9479e-16
1.9038e-16
1.8966e-16
1.9231e-16
1.9706e-16
2.0244e-16
3.2303e-16
3.2629e-16
2.1178e-16
2.1042e-16
2.0657e-16
2.0232e-16
-3.0889e-17
-3.1716e-17
-3.0436e-17
-2.5854e-17
-1.8012e-17
-8.7212e-18
-1.1646e-19
-0.00033644
-0.00091393
-0.0015545
-0.0024451
-0.0035094
-0.0045979
-0.0058189
-0.0070828
-0.0083151
-0.0095714
-0.010777
-0.011933
-0.013178
-0.015385
-0.017548
-0.019843
-0.022786
-0.025621
-0.028503
-0.031687
-0.034624
-0.037473
-0.040359
-0.04292
-0.045327
-0.048294
-0.051369
-0.054369
-0.057812
-0.06126
-0.064558
-0.068014
-0.071348
-0.074369
-0.077333
-0.080064
-0.082406
-0.08466
-0.087197
-0.089877
-0.09243
-0.095196
-0.098186
-0.10079
-0.10342
-0.10596
-0.10815
-0.11019
-0.11204
-0.11349
-0.11472
-0.11643
-0.11817
-0.1198
-0.1218
-0.12392
-0.12579
-0.12773
-0.1295
-0.13089
-0.13222
-0.13325
-0.13385
-0.13437
-0.13521
-0.13616
-0.13701
-0.13821
-0.13955
-0.14053
-0.14169
-0.14261
-0.14322
-0.14383
-0.14407
-0.14393
-0.14408
-0.14439
-0.14464
-0.14515
-0.14587
-0.14642
-0.14702
-0.14756
-0.14785
-0.14808
-0.14812
-0.14784
-0.14743
-0.14699
-0.14718
-0.14721
-0.14724
-0.1479
-0.14821
-0.14841
-0.1489
-0.14907
-0.14901
-0.14902
-0.14865
-0.148
-0.1478
-0.14771
-0.14755
-0.14774
-0.14809
-0.14825
-0.14856
-0.14877
-0.14871
-0.14868
-0.14844
-0.14785
-0.14731
-0.147
-0.14694
-0.1469
-0.14706
-0.14746
-0.14763
-0.14788
-0.14806
-0.14801
-0.14788
-0.14758
-0.14698
-0.14631
-0.14619
-0.14611
-0.14598
-0.14638
-0.14673
-0.14689
-0.14726
-0.14747
-0.14743
-0.14737
-0.14706
-0.14645
-0.14592
-0.14578
-0.14569
-0.14563
-0.14596
-0.1463
-0.14646
-0.14683
-0.14696
-0.14687
-0.14683
-0.14644
-0.14577
-0.1455
-0.14541
-0.14526
-0.14543
-0.14581
-0.14601
-0.14633
-0.14661
-0.14666
-0.14668
-0.14655
-0.1461
-0.14559
-0.14517
-0.14525
-0.14525
-0.14534
-0.14587
-0.14613
-0.14637
-0.1467
-0.14676
-0.14667
-0.14648
-0.14598
-0.14528
-0.14522
-0.14517
-0.14501
-0.1455
-0.1458
-0.146
-0.14642
-0.14665
-0.14661
-0.1466
-0.14632
-0.14572
-0.14527
-0.14514
-0.14509
-0.14513
-0.14547
-0.14587
-0.14614
-0.14651
-0.14671
-0.14672
-0.14668
-0.14635
-0.14575
-0.14505
-0.14403
-0.14277
-0.14141
-0.13987
-0.13805
-0.13613
-0.13398
-0.13166
-0.12925
-0.12666
-0.12393
-0.12111
-0.11816
-0.11511
-0.11198
-0.10879
-0.10556
-0.10225
-0.098918
-0.095569
-0.092218
-0.088874
-0.085545
-0.082237
-0.078955
