-0.0012691359734162688
-0.0012691359734162688
-0.0012691359734162688
-0.0012691359734162688
-0.0012691359734162688
-0.0012691359734162688
-0.0012691359734162688
-0.0012691359734162688
-0.0012691359734162688
-0.0012691359734162688
-0.0012691359734162688
-0.0012691359734162688
-0.0012691359734162688
-0.0012691359734162688
-0.0012691359734162688
-0.0012691359734162688
-0.0012691359734162688
-0.0012691359734162688
-0.0012691359734162688
-0.0012691359734162688
-0.0012691359734162688
-0.0012691359734162688
-0.0012691359734162688
-0.0012691359734162688
-0.0012691359734162688
-0.0012691359734162688
-0.0012691359734162688
-0.0012691359734162688
-0.0012691359734162688
-0.0012691359734162688
-0.0012691359734162688
-0.0012691359734162688
-0.0012691359734162688
-0.0012691359734162688
-0.0012691359734162688
-0.0012691359734162688
-0.0012691359734162688
-0.0012691359734162688
-0.0012691359734162688
-0.0012691359734162688
-0.0012691359734162688
-0.0012691359734162688
-0.0012691359734162688
-0.0012691359734162688
-0.0012691359734162688
-0.0012691359734162688
-0.0012691359734162688
-0.0012691359734162688
-0.0012691359734162688
-0.0012691359734162688
-0.0012691359734162688
-0.0012691359734162688
-0.0012691359734162688
-0.0012691359734162688
-0.0012691359734162688
-0.0012691359734162688
-0.0012691359734162688
-0.0012691359734162688
-0.0012691359734162688
-0.0012691359734162688
-0.0012691359734162688
-0.0012691359734162688
-0.0012691359734162688
-0.0012691359734162688
-0.0012691359734162688
-0.0012691359734162688
-0.0012691359734162688
-0.0012691359734162688
-0.0012691359734162688
-0.0012691359734162688
-0.0012691359734162688
-0.0012691359734162688
-0.0012691359734162688
-0.0012691359734162688
-0.0012691359734162688
-0.0012691359734162688
-0.0012691359734162688
-0.0012691359734162688
-0.0012691359734162688
-0.0012691359734162688
-0.0012691359734162688
-0.0012691359734162688
-0.0012691359734162688
-0.0012691359734162688
-0.0012691359734162688
-0.003253582864999771
-0.004794923588633537
-0.005677875597029924
-0.007210572715848684
-0.00924616027623415
-0.010883231647312641
-0.011428508907556534
-0.011950711719691753
-0.01226245891302824
-0.013010137714445591
-0.013184291310608387
-0.013350593857467175
-0.013338170945644379
-0.016119010746479034
-0.014073492027819157
-0.01690283603966236
-0.016648435965180397
-0.01751171424984932
-0.01767026074230671
-0.018602341413497925
-0.020636918023228645
-0.020720941945910454
-0.02076200768351555
-0.019748959690332413
-0.022049523890018463
-0.024251345545053482
-0.02213631197810173
-0.02145877107977867
-0.02196853794157505
-0.02168414369225502
-0.02247186191380024
-0.023030083626508713
-0.023578409105539322
-0.022216077893972397
-0.022703826427459717
-0.02358837239444256
-0.024553004652261734
-0.025215620175004005
-0.024952741339802742
-0.02405066043138504
-0.024660097435116768
-0.026237279176712036
-0.028369231149554253
-0.02892884612083435
-0.027971690520644188
-0.02786482498049736
-0.027123605832457542
-0.026992211118340492
-0.02854202687740326
-0.02810589037835598
-0.02780124358832836
-0.026980051770806313
-0.026849206537008286
-0.026856521144509315
-0.026291077956557274
-0.026058752089738846
-0.02502250485122204
-0.025486739352345467
-0.0264285858720541
-0.02482273429632187
-0.025052974000573158
-0.02613118477165699
-0.02824215590953827
-0.029167769476771355
-0.031187327578663826
-0.031509749591350555
-0.02863341011106968
-0.0284153800457716
-0.028381774201989174
-0.028506780043244362
-0.02888292446732521
-0.028815409168601036
-0.02851482294499874
-0.02864067070186138
-0.028302911669015884
-0.028717268258333206
-0.02869691140949726
-0.029056735336780548
-0.028497997671365738
-0.028246037662029266
-0.02827139012515545
-0.027791768312454224
-0.02737094648182392
-0.02708919160068035
-0.027527257800102234
-0.028616152703762054
-0.03360056132078171
-0.031878769397735596
-0.03142126649618149
-0.032364197075366974
-0.03226054832339287
-0.033893462270498276
-0.030834030359983444
-0.03203509747982025
-0.032723113894462585
-0.0306825190782547
-0.02968386933207512
-0.030707933008670807
-0.0316036231815815
-0.032969702035188675
-0.03457679599523544
-0.04298960044980049
-0.03937770798802376
-0.03923512250185013
-0.037750206887722015
-0.038973018527030945
-0.039182744920253754
-0.03650680184364319
-0.03572740778326988
-0.04058897867798805
-0.03908597305417061
-0.03038535639643669
-0.028284426778554916
-0.026118217036128044
-0.026247600093483925
-0.02549697645008564
-0.02416890114545822
-0.02405254729092121
-0.026990976184606552
-0.028660384938120842
-0.02755555883049965
-0.02940521016716957
-0.02782152220606804
-0.026330579072237015
-0.02746032550930977
-0.027320628985762596
-0.02780504710972309
-0.028375618159770966
-0.028396762907505035
-0.028635764494538307
-0.028462303802371025
-0.028430312871932983
-0.028903134167194366
-0.029088610783219337
-0.02865234762430191
-0.028425518423318863
-0.02723064087331295
-0.027605941519141197
-0.027378905564546585
-0.026842864230275154
-0.02682163007557392
-0.02792053297162056
-0.029414167627692223
-0.03448403999209404
-0.03586549684405327
-0.03548669442534447
-0.034349001944065094
-0.03355834633111954
-0.03418490290641785
-0.0320877805352211
-0.03477208688855171
-0.03841157257556915
-0.03971713036298752
-0.03167078644037247
-0.029693758115172386
-0.03263293579220772
-0.03791859373450279
-0.041082222014665604
-0.03381887078285217
-0.02824210748076439
-0.026619084179401398
-0.026631562039256096
-0.028193965554237366
-0.027845341712236404
-0.026770059019327164
-0.02532566711306572
-0.02623077854514122
-0.02748017944395542
-0.029166769236326218
-0.03316924348473549
-0.03823721036314964
-0.03962688520550728
-0.03754375874996185
-0.03779727965593338
-0.03392300382256508
-0.029185691848397255
-0.028873631730675697
-0.027247650548815727
-0.027544984593987465
-0.02924608625471592
-0.029627040028572083
-0.027742475271224976
-0.025170795619487762
-0.02277752012014389
-0.0231828223913908
-0.024102777242660522
-0.022924797609448433
-0.02146516740322113
-0.022006964311003685
-0.02064059115946293
-0.019815869629383087
-0.018858611583709717
