0.01158252265304327
0.010813115164637566
0.011505591683089733
-0.0042309812270104885
-0.026378773152828217
-0.0481000579893589
-0.06887423992156982
-0.08505076169967651
-0.10401088744401932
-0.11462705582380295
-0.12135207653045654
-0.1263567954301834
-0.1375586837530136
-0.14145660400390625
-0.14686036109924316
-0.1496446281671524
-0.14916925132274628
-0.15343442559242249
-0.16920480132102966
-0.18085552752017975
-0.19054566323757172
-0.19920848309993744
-0.2066095918416977
-0.2126823216676712
-0.21468853950500488
-0.21693256497383118
-0.21813485026359558
-0.2006782442331314
-0.1951962113380432
-0.18424278497695923
-0.18301254510879517
-0.17963534593582153
-0.18419069051742554
-0.19463802874088287
-0.19012917578220367
-0.18537276983261108
-0.18268243968486786
-0.18454928696155548
-0.19432972371578217
-0.19223348796367645
-0.20198707282543182
-0.2007610946893692
-0.19060593843460083
-0.19396981596946716
-0.18670746684074402
-0.18728767335414886
-0.18666639924049377
-0.18209832906723022
-0.1804608851671219
-0.17198039591312408
-0.16459719836711884
-0.1642189472913742
-0.158005490899086
-0.17075251042842865
-0.19170808792114258
-0.22668422758579254
-0.25738081336021423
-0.2769530415534973
-0.27322980761528015
-0.2692391276359558
-0.2653980255126953
-0.26090919971466064
-0.25759100914001465
-0.2511274516582489
-0.25369566679000854
-0.2673148214817047
-0.27970078587532043
-0.2981967329978943
-0.31141000986099243
-0.3027472496032715
-0.2881724536418915
-0.2865291237831116
-0.2767757177352905
-0.2619302570819855
-0.261056125164032
-0.24724528193473816
-0.2503460645675659
-0.2554272413253784
-0.2580591142177582
-0.27086615562438965
-0.297547310590744
-0.34705686569213867
-0.39126765727996826
-0.40916335582733154
-0.4176611304283142
-0.412606805562973
-0.40046268701553345
-0.39201074838638306
-0.39680081605911255
-0.39670178294181824
-0.4052530825138092
-0.41166630387306213
-0.4188995063304901
-0.4151526093482971
-0.41037625074386597
-0.40854915976524353
-0.39624059200286865
-0.39686480164527893
-0.41165074706077576
-0.42588967084884644
-0.4427241086959839
-0.46057045459747314
-0.4630401134490967
-0.4665273129940033
-0.4646376669406891
-0.4594483971595764
-0.4447695314884186
-0.43966394662857056
-0.44495731592178345
-0.4590979516506195
-0.45750895142555237
-0.45951366424560547
-0.4522741734981537
-0.45997461676597595
-0.4467357397079468
-0.43257036805152893
-0.41959473490715027
-0.40780726075172424
-0.40366441011428833
-0.40788373351097107
-0.40174680948257446
-0.40332651138305664
-0.4139724671840668
-0.4206777513027191
-0.4240042269229889
-0.4165383577346802
-0.421930193901062
-0.4267079830169678
-0.42282789945602417
-0.4187842011451721
-0.4057205617427826
-0.3894437253475189
-0.385422945022583
-0.3713048994541168
-0.3606830835342407
-0.3480513095855713
-0.3359594941139221
-0.3243621587753296
-0.32590147852897644
-0.3361199200153351
-0.34272921085357666
-0.3616049587726593
-0.37496092915534973
-0.4007549285888672
-0.4231138825416565
-0.449526309967041
-0.4695833623409271
-0.47903966903686523
-0.4767221510410309
-0.4703775644302368
-0.46808677911758423
-0.462458074092865
-0.4703240990638733
-0.47820910811424255
-0.47405344247817993
-0.45557495951652527
-0.44664961099624634
-0.4382002055644989
-0.4315628409385681
-0.4095078110694885
-0.3909660279750824
-0.3821643590927124
-0.3767918050289154
-0.3746351897716522
-0.38909605145454407
-0.39429566264152527
-0.3946729898452759
-0.40540778636932373
-0.41071969270706177
-0.3954034745693207
-0.3892103433609009
-0.3825308084487915
-0.3787412941455841
-0.3757753074169159
-0.37343963980674744
-0.36615949869155884
-0.35638394951820374
-0.3480137586593628
-0.34156185388565063
-0.3327814042568207
-0.3224472999572754
-0.3069477677345276
-0.2929747402667999
-0.28926247358322144
-0.3035651445388794
-0.31220757961273193
-0.32527685165405273
-0.32704678177833557
-0.31939607858657837
-0.32178473472595215
-0.31547048687934875
-0.29337552189826965
-0.2799500524997711
-0.26549792289733887
-0.2518707513809204
-0.23475489020347595
-0.2250838577747345
-0.20846562087535858
-0.19164621829986572
-0.1790565848350525
-0.16764256358146667
-0.14982180297374725
-0.1500123143196106
-0.14863909780979156
-0.15041840076446533
-0.15906119346618652
-0.16627183556556702
-0.16962900757789612
-0.17188194394111633
-0.16811804473400116
-0.15976116061210632
-0.1548040807247162
-0.15575489401817322
-0.16155260801315308
-0.1577400267124176
-0.16039837896823883
-0.1633787304162979
-0.15961356461048126
-0.14772547781467438
-0.13300573825836182
-0.12203273922204971
-0.1101299524307251
-0.09684254229068756
-0.09193416684865952
-0.08816090226173401
-0.09400474280118942
-0.09850511699914932
-0.09320129454135895
-0.09384393692016602
-0.09752056747674942
-0.09967373311519623
-0.09938675910234451
-0.09850887209177017
-0.10189220309257507
-0.10345367342233658
-0.10771738737821579
-0.10535631328821182
-0.10577023029327393
-0.09918009489774704
-0.08812183886766434
-0.07281795889139175
-0.06390167772769928
-0.0602855458855629
-0.054525695741176605
-0.04644506797194481
-0.04738345742225647
-0.045474451035261154
-0.05042816326022148
-0.05508643761277199
-0.05287591367959976
-0.05681459978222847
-0.06013543903827667
-0.05768871679902077
-0.05733668431639671
-0.05617789924144745
-0.0525798425078392
-0.05202343687415123
-0.054146673530340195
-0.0523020438849926
-0.0515768826007843
-0.05414954572916031
-0.05195608735084534
-0.045697301626205444
-0.04820191487669945
-0.04834373667836189
-0.04750967025756836
-0.051632437855005264
-0.045054394751787186
-0.045907504856586456
-0.05087178945541382
-0.05652672052383423
-0.060936614871025085
-0.05776179954409599
-0.052274979650974274
-0.04446042701601982
-0.04147813841700554
-0.03662857040762901
