0.0202727075666
0.0213776249439
0.0317789316177
0.0367735289037
0.0402705445886
0.0398221351206
0.0377701111138
0.0377124100924
0.0400048866868
0.0397053807974
0.0379529893398
0.0367351695895
0.0354864113033
0.0354537963867
0.0339473448694
0.0336133241653
0.0339534543455
0.0344165861607
0.035499162972
0.0365732386708
0.0378489643335
0.0397082343698
0.0430527031422
0.0456007532775
0.0477580092847
0.0502203367651
0.0531291589141
0.0546022132039
0.0549709610641
0.0542284734547
0.0514128431678
0.0463162399828
0.0405418649316
0.0345173068345
0.0299886241555
0.0267882756889
0.0242405962199
0.0227392911911
0.0218016821891
0.0218320824206
0.0218637529761
0.0207203067839
0.0196697562933
0.0190948341042
0.0189434606582
0.0197919365019
0.0207475181669
0.0216098260134
0.0219954643399
0.0221407245845
0.0213294364512
0.0207500681281
0.0199341513216
0.0197276249528
0.0203900430351
0.0218617860228
0.0242166370153
0.0257321018726
0.0250831153244
0.0242386143655
0.0243612211198
0.0236429609358
0.0224723368883
0.0218569785357
0.0213708914816
0.0208552461118
0.0198878534138
0.0193129386753
0.0185745470226
0.0171060208231
0.0149815231562
0.0124499723315
0.0101568773389
0.0078535117209
0.0056630843319
0.00380262220278
0.00195332011208
0.000878788065165
-0.000189275480807
-0.0013671470806
-0.00279531325214
-0.00437838071957
-0.00600312510505
-0.00765467295423
-0.00838309619576
-0.00869340822101
-0.00912104174495
-0.00997018441558
-0.0110010076314
-0.0119629781693
-0.0129615161568
-0.0140664987266
-0.0146472491324
-0.014986127615
-0.0152004882693
-0.0152378901839
-0.0150986667722
-0.0145648736507
-0.0141439698637
-0.0136592313647
-0.0129514615983
-0.0120950657874
-0.0120345875621
-0.0130778215826
-0.0149241331965
-0.0161072984338
-0.0166232008487
-0.0172654669732
-0.0177861321718
-0.0177218206227
-0.0171707626432
-0.0162255354226
-0.0158677380532
-0.0161045715213
-0.0166169311851
-0.0173173118383
-0.0176327861845
-0.0172817185521
-0.01624635607
-0.0145964995027
-0.0132225677371
-0.0124665005133
-0.0127724967897
-0.0131829772145
-0.0149090327322
-0.0171412024647
-0.0193808078766
-0.0213211569935
-0.0224422328174
-0.0230276118964
-0.0231894664466
-0.0227416828275
-0.0220519434661
-0.0220703855157
-0.0228837244213
-0.024054210633
-0.0253492183983
-0.0265481695533
-0.027181468904
-0.0276633519679
-0.0271223690361
-0.0261933188885
-0.0248855873942
-0.0242926627398
-0.02452192083
-0.0244987066835
-0.0246081165969
-0.0241155996919
-0.0235018040985
-0.0232580266893
-0.0238060541451
-0.0246030967683
-0.0260694865137
-0.0282461214811
-0.0310088675469
-0.0326858498156
-0.0319908373058
-0.030110180378
-0.0279501099139
-0.0260198414326
-0.0246001146734
-0.0240431539714
-0.0233753845096
-0.0223617460579
-0.0217097774148
-0.0223929211497
-0.0224597025663
-0.0219118148088
-0.0221756435931
-0.0229134038091
-0.023820258677
-0.0241741817445
-0.0250659901649
-0.0268890913576
-0.0290293674916
-0.0305329170078
-0.0321841165423
-0.0330593548715
-0.0331732146442
-0.0320101939142
-0.0299604944885
-0.0273533705622
-0.024095825851
-0.0211353637278
-0.0200921986252
-0.0211755335331
-0.0223713088781
-0.0222607795149
-0.0229693893343
-0.0245005227625
-0.0263936538249
-0.0284091513604
-0.0301350560039
-0.0313522592187
-0.0331712812185
-0.0347850248218
-0.0365591272712
-0.0363593585789
-0.0359189063311
-0.035361148417
-0.0345877222717
-0.0341539569199
-0.0337235853076
-0.0307076573372
-0.0260955896229
-0.0233120825142
-0.0214726030827
-0.0195129346102
-0.0172007791698
-0.0156423468143
-0.015419382602
-0.0161560624838
-0.0172687824816
-0.0184829682112
-0.0198185257614
-0.0219946559519
-0.0249885246158
-0.0278153717518
-0.0285064149648
-0.0282371938229
-0.0276745539159
-0.0272410437465
-0.0271426513791
-0.0278625711799
-0.0293917059898
-0.030809706077
-0.0317938365042
-0.0331198088825
-0.0340163931251
-0.0341044776142
-0.0324946157634
-0.0292706321925
-0.0259153749794
-0.0231279507279
-0.021848578006
-0.0229571182281
-0.0265083536506
-0.0305672623217
-0.0340109020472
-0.0363139808178
-0.0370518192649
-0.0363658703864
-0.0341131053865
-0.0325269289315
-0.0317428223789
-0.0287892781198
-0.0268092621118
-0.0259799808264
-0.0251565016806
-0.0230928324163
-0.0201456192881
-0.018163902685
-0.019130486995
-0.0205629710108
-0.0215118806809
-0.0229208078235
-0.0251786597073
-0.0271599497646
-0.028984637931
-0.0298967473209
-0.0286415088922
-0.0257748495787
-0.0215241760015
-0.0170174650848
-0.0127078574151
-0.0095423348248
-0.00761971157044
-0.00665873847902
-0.00639166636392
-0.00598302669823
-0.00559767149389
-0.00526068918407
-0.00554547319189
-0.00580950500444
-0.0050409687683
-0.00421329541132
-0.00404871162027
