0
-2.7768e-16
-2.7578e-16
-2.1625e-16
-2.1321e-16
-9.9023e-17
-3.8152e-16
2.4939e-17
-7.9888e-17
-1.6847e-16
3.0165e-17
-3.1124e-16
2.0017e-17
-5.9993e-17
-3.4957e-17
-6.5147e-17
-8.5187e-17
-2.1115e-16
-2.1187e-16
-1.6571e-16
2.3863e-16
2.4275e-16
2.4697e-16
2.4656e-16
2.6037e-16
2.2766e-16
3.3029e-16
2.0281e-16
1.9479e-16
1.9038e-16
1.8966e-16
1.9231e-16
1.9706e-16
2.0244e-16
3.2303e-16
3.2629e-16
2.1178e-16
2.1042e-16
2.0657e-16
2.0232e-16
-3.0889e-17
-3.1716e-17
-3.0436e-17
-2.5854e-17
-1.8012e-17
-8.7212e-18
-1.1646e-19
0.00021029
0.00057125
0.00097161
0.0015283
0.0021935
0.0028739
0.0036371
0.004427
0.0051973
0.0060648
0.0071959
0.0086506
0.01018
0.011904
0.013813
0.015735
0.017738
0.019765
0.021712
0.023696
0.025872
0.028292
0.03069
0.033201
0.035817
0.038343
0.040874
0.043361
0.045674
0.047887
0.050217
0.052764
0.055169
0.057616
0.060163
0.062518
0.064818
0.067088
0.069093
0.070973
0.072875
0.074901
0.076857
0.07876
0.080747
0.082609
0.084342
0.086062
0.087579
0.0889
0.090187
0.091589
0.092997
0.09437
0.095844
0.097269
0.098585
0.099887
0.10103
0.10195
0.10283
0.10367
0.10457
0.10543
0.1063
0.10721
0.10798
0.10871
0.10941
0.10988
0.11027
0.11067
0.11126
0.11175
0.11221
0.11282
0.11326
0.11359
0.11398
0.11412
0.11414
0.11414
0.11443
0.11462
0.11476
0.11515
0.11537
0.11547
0.11571
0.11571
0.11554
0.11542
0.11546
0.11549
0.11554
0.11574
0.11589
0.11599
0.11614
0.11615
0.11602
0.11587
0.11576
0.11574
0.11576
0.11583
0.11589
0.11593
0.11596
0.11589
0.11571
0.1155
0.11531
0.11526
0.11527
0.11532
0.11541
0.11548
0.11552
0.11549
0.11534
0.11512
0.11488
0.11479
0.11479
0.11477
0.11483
0.11492
0.11494
0.11494
0.11488
0.1147
0.11446
0.11435
0.11443
0.11442
0.1145
0.11466
0.11469
0.11471
0.11469
0.1145
0.11423
0.11408
0.11411
0.11408
0.11415
0.11429
0.11433
0.1144
0.11441
0.11425
0.11406
0.11392
0.11391
0.11393
0.114
0.11411
0.11419
0.11424
0.11424
0.11414
0.11393
0.11365
0.11314
0.11251
0.11172
0.11075
0.10964
0.10838
0.10694
0.10538
0.10369
0.10187
0.099919
0.097856
0.095675
0.093415
0.091075
0.088658
0.086188
0.083672
0.081132
0.078553
0.075961
0.073358
0.070755
0.06816
0.06558
0.063022
