0.016770418733358383
-0.0012691359734162688
-0.0012691359734162688
-0.0012691359734162688
-0.0012691359734162688
-0.0012691359734162688
-0.0012691359734162688
-0.0012691359734162688
-0.0012691359734162688
-0.0012691359734162688
-0.0012691359734162688
-0.0012691359734162688
0.008172073401510715
0.008865419775247574
0.010042413137853146
0.00891669187694788
0.004966748412698507
0.0020530731417238712
-0.0012691359734162688
-0.0012691359734162688
-0.0012691359734162688
-0.0012691359734162688
-0.0012691359734162688
-0.0012691359734162688
-0.0012691359734162688
-0.0012691359734162688
-0.0012691359734162688
-0.0012691359734162688
-0.0012050350196659565
0.004781831055879593
0.010277391411364079
0.008636930957436562
0.01238524354994297
0.012840584851801395
0.013597649522125721
-0.0012691359734162688
-0.0012691359734162688
-0.0012691359734162688
-0.0012691359734162688
-0.0012691359734162688
-0.0012691359734162688
0.004126459360122681
0.008096287958323956
0.008572611957788467
0.004079652018845081
0.0022578712087124586
0.007899254560470581
0.013043561019003391
0.011112441308796406
-0.0012691359734162688
-0.0012691359734162688
-0.0012691359734162688
-0.0012691359734162688
-0.0012691359734162688
-0.0012691359734162688
-0.0012691359734162688
-0.0012691359734162688
-0.0012691359734162688
-0.0012691359734162688
-0.0012691359734162688
-0.0012691359734162688
0.013230389915406704
0.029844677075743675
0.017796590924263
0.00527922110632062
0.005164644680917263
0.008573746308684349
-0.0012691359734162688
-0.0012691359734162688
-0.0012691359734162688
-0.0012691359734162688
-0.0012691359734162688
-0.0012691359734162688
-0.0012691359734162688
-0.0012691359734162688
-0.0012203968362882733
0.004816390573978424
0.007700083311647177
0.00715685123577714
0.006765843369066715
0.008876499719917774
0.009684768505394459
0.011855647899210453
0.013180646114051342
0.013370422646403313
0.014109713025391102
0.013659222051501274
0.013048780150711536
0.013607568107545376
0.014539112336933613
0.015787726268172264
0.027531001716852188
0.029545489698648453
0.029676953330636024
0.03546011075377464
0.03419134020805359
0.033660538494586945
0.03508139029145241
0.04617082700133324
0.05667011812329292
0.048925191164016724
0.0489862821996212
0.03529210388660431
0.03607315942645073
0.03544686362147331
0.04841708764433861
0.05642179027199745
0.04546486213803291
0.054107870906591415
0.05764399468898773
0.03262753412127495
0.024233078584074974
0.024030864238739014
0.02667880244553089
0.023094454780220985
0.0234127938747406
0.026265764608979225
0.03275894746184349
0.031081313267350197
0.026000406593084335
0.02679985947906971
0.015766026452183723
0.022787459194660187
0.028574509546160698
0.03538670390844345
0.03599386662244797
0.03462682664394379
0.0339416079223156
0.040132392197847366
0.04990340769290924
0.0603354386985302
0.054165154695510864
0.05346338823437691
0.041780948638916016
0.032963402569293976
0.030277997255325317
0.03341006115078926
0.031963422894477844
0.03391163423657417
0.030088042840361595
0.015878770500421524
0.015530376695096493
0.0164486113935709
0.016965553164482117
0.016423778608441353
0.016601188108325005
0.026347454637289047
0.02138492465019226
0.015852799639105797
0.025668317452073097
0.026744751259684563
0.024125805124640465
0.018307413905858994
0.01491450984030962
0.014421017840504646
0.013742048293352127
0.014445094391703606
0.01769968308508396
0.017346087843179703
0.020567139610648155
0.02560867927968502
0.030305305495858192
0.028733806684613228
0.021922199055552483
0.022994935512542725
0.027247229591012
0.029409799724817276
0.02894025482237339
0.03163286671042442
0.031846631318330765
0.031094076111912727
0.027560224756598473
0.02449585124850273
0.017668746411800385
0.017925743013620377
0.01690628193318844
0.020696323364973068
0.022097589448094368
0.017089704051613808
0.016206327825784683
0.014162875711917877
0.013449607416987419
0.01360380183905363
0.014022971503436565
0.014177502132952213
0.014213657937943935
0.014409471303224564
0.014436556957662106
0.014379119500517845
0.014683579094707966
0.015423422679305077
0.015523486770689487
0.01503257267177105
0.015779554843902588
0.015179631300270557
0.01429432537406683
0.014402897097170353
0.014712412841618061
0.015836631879210472
0.01643361523747444
0.016850432381033897
0.017025770619511604
0.01687515527009964
0.017707429826259613
0.01626664213836193
0.017829325050115585
0.017480522394180298
0.016258923336863518
0.01878894679248333
0.018855733796954155
0.018714414909482002
0.018811671063303947
0.018780147656798363
0.01856960728764534
0.017763767391443253
0.016538867726922035
0.015087143518030643
0.015080916695296764
0.017838696017861366
0.01618914306163788
0.01880890689790249
0.014782351441681385
0.015915364027023315
0.014326044358313084
0.013796246610581875
0.013982909731566906
0.01404196210205555
0.015185085125267506
0.01566663756966591
0.016756758093833923
0.016334684565663338
0.012702527455985546
0.01363078411668539
0.013607260771095753
0.01443455833941698
0.01456593070179224
0.01333962194621563
