-0.014804759062826633
-0.01445447001606226
-0.013104367069900036
-0.018442576751112938
-0.021702365949749947
-0.03161215782165527
-0.042225684970617294
-0.05096122622489929
-0.055873800069093704
-0.055529963225126266
-0.05592314526438713
-0.059682369232177734
-0.0566055104136467
-0.05263468250632286
-0.04964654520153999
-0.04422079399228096
-0.040992725640535355
-0.03690608963370323
-0.03469563275575638
-0.02935209684073925
-0.02477792464196682
-0.01915658265352249
-0.011887112632393837
-0.011198136955499649
-0.016074154525995255
-0.014383540488779545
-0.010433434508740902
-0.011002483777701855
-0.017959559336304665
-0.024106675758957863
-0.02520417422056198
-0.02249087020754814
-0.014787240885198116
-0.011165627278387547
-0.004963208921253681
0.00034865940688177943
0.006611917167901993
0.01506388746201992
0.026440830901265144
0.032158419489860535
0.03913438320159912
0.04035082459449768
0.04012113809585571
0.04191044718027115
0.044920384883880615
0.043354231864213943
0.04250400885939598
0.04002664238214493
0.043455541133880615
0.041945502161979675
0.044257402420043945
0.04733670502901077
0.05080030858516693
0.050500787794589996
0.04208243638277054
0.03314874693751335
0.023273173719644547
0.01788691058754921
0.012310028076171875
0.009770016185939312
0.0043036555871367455
-0.00497837271541357
-0.007742495741695166
-0.007707227021455765
-0.013215932063758373
-0.018695713952183723
-0.023953985422849655
-0.024641821160912514
-0.027670543640851974
-0.028557654470205307
-0.024646088480949402
-0.01859971135854721
-0.01017330214381218
-0.0036932164803147316
0.0016984222456812859
0.010526871308684349
0.011224400252103806
0.019031643867492676
0.026697363704442978
0.033749788999557495
0.048403624445199966
0.05751030519604683
0.06952429562807083
0.08165525645017624
0.08873207867145538
0.0984874740242958
0.1013500839471817
0.10613034665584564
0.1112092062830925
0.1067444458603859
0.102993905544281
0.09513558447360992
0.09126359224319458
0.0851769968867302
0.09283461421728134
0.10258015245199203
0.11178579181432724
0.12013751268386841
0.1334373503923416
0.13341820240020752
0.1302967071533203
0.1298796385526657
0.1317371279001236
0.13392862677574158
0.13317309319972992
0.13293267786502838
0.13142317533493042
0.13320690393447876
0.13533826172351837
0.13621827960014343
0.13548241555690765
0.13840225338935852
0.13849399983882904
0.1355968862771988
0.1381482034921646
0.13473597168922424
0.12692560255527496
0.12400307506322861
0.12183498591184616
0.12318567931652069
0.12333285063505173
0.11927244812250137
0.115659199655056
0.11236193776130676
0.11223194003105164
0.11229893565177917
0.1152309775352478
0.12044396996498108
0.12582971155643463
0.13275407254695892
0.13543573021888733
0.1349702626466751
0.13802917301654816
0.14094486832618713
0.14262868463993073
0.14571009576320648
0.14638681709766388
0.1495281159877777
0.14780759811401367
0.14846563339233398
0.15029017627239227
0.1474279910326004
0.1462251991033554
0.14326412975788116
0.14221593737602234
0.13942480087280273
0.14196330308914185
0.1449699103832245
0.1448950171470642
0.14246107637882233
0.138132706284523
0.13070590794086456
0.12686602771282196
0.12485875189304352
0.12247290462255478
0.12396033853292465
0.1257808655500412
0.12398719787597656
0.12121766060590744
0.1173030436038971
0.11448260396718979
0.11075595021247864
0.1100059226155281
0.1090441420674324
0.11553103476762772
0.11889822036027908
0.11834101378917694
0.12234315276145935
0.12515196204185486
0.13033244013786316
0.13048231601715088
0.12688857316970825
0.12737102806568146
0.1258971393108368
0.1265423744916916
0.12649883329868317
0.12498952448368073
0.12471060454845428
0.12471175938844681
0.11387725174427032
0.11009617894887924
0.1052076667547226
0.10278268903493881
0.10209862887859344
0.1053178608417511
0.10870960354804993
0.11216222494840622
0.11799151450395584
0.12290418148040771
0.12204686552286148
0.12242334336042404
0.12254752218723297
0.12499845027923584
0.12310299277305603
0.12952230870723724
0.13494716584682465
0.13863317668437958
0.13672026991844177
0.13422584533691406
0.12820884585380554
0.1218688115477562
0.11955353617668152
0.11929428577423096
0.11347025632858276
0.10826803743839264
0.10740131139755249
0.10211046040058136
0.10251796990633011
0.10029705613851547
0.0997752770781517
0.1059957817196846
0.11529426276683807
0.11585532873868942
0.1196356788277626
0.12120159715414047
0.12308971583843231
0.11920646578073502
0.11317549645900726
0.10937507450580597
0.10798093676567078
0.10447826981544495
0.1013597846031189
0.10295967757701874
0.10160063207149506
0.10779866576194763
0.11594583839178085
0.11720962822437286
0.11272239685058594
0.11165761947631836
0.1033240407705307
0.09345972537994385
0.0835329070687294
0.07501504570245743
0.07141117006540298
0.06639327853918076
0.06333985179662704
0.06182128190994263
