0.00208144402131
0.0174477975816
0.0272412598133
0.0321427099407
0.0342263504863
0.0337729677558
0.0316977798939
0.0295199230313
0.026974901557
0.0225833728909
0.0166972558945
0.0117243267596
0.00797524303198
0.0055316821672
0.00483139092103
0.00558261619881
0.00775752356276
0.00930371508002
0.011023266241
0.0123833026737
0.0128624420613
0.0122336242348
0.010439414531
0.00781210279092
0.00491839135066
0.0032079317607
0.00180111685768
0.000943160615861
-5.59249892831e-05
-3.19401733577e-05
-0.000940188765526
-0.000713124871254
-0.000435379333794
0.000104266218841
0.000120322685689
0.000822587870061
0.00184379145503
0.00228226138279
0.00243000965565
0.00327123748139
0.00250339973718
0.00118517829105
-0.000340201891959
-0.00177289661951
-0.00417803460732
-0.00644410494715
-0.00780178233981
-0.00819281395525
-0.00789776071906
-0.00669024232775
-0.00558229489252
-0.00522383395582
-0.0060503394343
-0.00688866432756
-0.00742651987821
-0.00713463872671
-0.00567531958222
-0.00529184844345
-0.00618329225108
-0.00667027011514
-0.00483603635803
-0.00153364939615
0.00116214575246
0.0036190035753
0.00546106835827
0.00852229446173
0.0101802647114
0.011750889942
0.0150778852403
0.0183913595974
0.0201509390026
0.0208434332162
0.0206219255924
0.0196263641119
0.0189281851053
0.0169074386358
0.0153017155826
0.0144726671278
0.0136120747775
0.0137585736811
0.0136779490858
0.013666447252
0.0132505334914
0.0137139018625
0.014763193205
0.0168679691851
0.0178168136626
0.0204368792474
0.0227696821094
0.0248620435596
0.026066891849
0.0264845639467
0.0271867886186
0.0289778932929
0.031559523195
0.0339480526745
0.03761260584
0.0413114242256
0.0446626618505
0.0475941747427
0.0489434748888
0.0492899678648
0.0496321953833
0.0514334626496
0.0547024123371
0.0576233752072
0.0619662627578
0.0654583200812
0.0676384270191
0.0690975040197
0.0698103830218
0.0696623772383
0.0691316649318
0.068300999701
0.0673430785537
0.066829957068
0.0669211223722
0.0673831775784
0.068894572556
0.071348361671
0.0719278305769
0.070934869349
0.0692805349827
0.0669315755367
0.0645659640431
0.0640439912677
0.0640622526407
0.0650921687484
0.0656179636717
0.0669097080827
0.067499794066
0.0671449750662
0.0648320317268
0.0610089823604
0.0583989620209
0.0564209148288
0.0542349256575
0.0533286482096
0.0527126304805
0.0527252927423
0.0538599789143
0.0548613294959
0.0555256120861
0.0556576177478
0.0546883828938
0.0540392510593
0.0535253286362
0.0531783849001
0.052496060729
0.0523244813085
0.0535400025547
0.0538083836436
0.0529309697449
0.0513656139374
0.0490590780973
0.0471193268895
0.0436188615859
0.0410054475069
0.0385511592031
0.0371382720768
0.0355318300426
0.0356010198593
0.0368071570992
0.0387718118727
0.0392990782857
0.0389831848443
0.0397937074304
0.0409359373152
0.0410609021783
0.0413615368307
0.0394797734916
0.0378188453615
0.0369241200387
0.0381069555879
0.0419787652791
0.0467987023294
0.0494566000998
0.051131632179
0.0521442703903
0.0514249876142
0.0512725226581
0.0523926392198
0.0538487099111
0.0566209442914
0.059688359499
0.0625886619091
0.0651388540864
0.0678233653307
0.0677670910954
0.0649165734649
0.0636607706547
0.0611645579338
0.057718038559
0.0554070807993
0.0543789453804
0.0531630925834
0.0510548204184
0.0481115505099
0.0453627444804
0.0429395027459
0.039855144918
0.0379282794893
0.0363304875791
0.0344297513366
0.0336380712688
0.0343162603676
0.0352145433426
0.0377437509596
0.0397309027612
0.0408702455461
0.0405909493566
0.0409750565886
0.042006034404
0.0429516844451
0.0429161675274
0.0437713935971
0.046894967556
0.0525092482567
0.0598601773381
0.0678651928902
0.0738536119461
0.077934756875
0.0803620442748
0.0825520306826
0.0838480368257
0.0859976783395
0.0885152965784
0.0920269340277
0.0955568701029
0.0983601734042
0.0980294346809
0.0945650041103
0.0899364426732
0.0812652558088
0.070667155087
0.0625269785523
0.0560360252857
