0
-1.7053e-16
-1.0768e-16
-1.7903e-16
-2.7548e-16
-1.7792e-16
-2.0032e-16
-2.4757e-16
-1.0261e-16
-1.1364e-16
-8.0133e-17
-1.6083e-16
-8.4838e-17
-2.2964e-16
-2.2403e-17
-1.0113e-16
-8.8583e-17
-1.0721e-16
-8.7262e-17
2.5554e-18
-5.5734e-17
7.9984e-18
-3.778e-17
-9.7933e-17
-4.534e-16
3.2002e-18
2.2562e-18
4.5121e-18
8.3102e-18
4.1131e-16
2.4136e-16
2.3886e-16
2.324e-16
2.2287e-16
3.8307e-16
3.7511e-16
2.003e-16
1.9828e-16
3.6817e-16
2.1446e-16
-2.6608e-17
-2.6391e-16
-1.8961e-17
-2.322e-16
-7.1428e-18
-2.1651e-16
-1.7198e-16
-2.0222e-16
-1.6258e-16
4.2052e-16
2.4979e-16
4.1764e-16
2.4117e-16
2.3044e-16
2.172e-16
3.7485e-16
3.1212e-16
-3.7289e-17
-2.5408e-16
-3.2226e-17
-2.4738e-17
-1.3205e-17
-1.8368e-19
1.082e-17
1.7516e-17
-1.9878e-16
1.6033e-17
1.0059e-17
-2.138e-16
-2.185e-16
-2.2154e-16
-2.2165e-16
-4.6033e-19
-0.00021234
-0.00048026
-0.00075779
-0.0010317
-0.0013545
-0.0018061
-0.0022657
-0.0027003
-0.0031062
-0.0035847
-0.0040981
-0.0045925
-0.005055
-0.0054865
-0.0060093
-0.0068575
-0.0078658
-0.008861
-0.0098417
-0.01085
-0.012198
-0.013531
-0.014797
-0.016014
-0.017235
-0.018665
-0.020029
-0.021309
-0.022539
-0.023819
-0.025253
-0.027092
-0.028848
-0.030546
-0.032312
-0.034242
-0.036292
-0.038208
-0.040006
-0.041795
-0.043753
-0.045609
-0.047317
-0.048936
-0.05054
-0.052281
-0.054371
-0.056335
-0.058225
-0.06012
-0.062086
-0.064192
-0.066128
-0.067917
-0.069685
-0.071481
-0.073264
-0.074883
-0.076357
-0.077808
-0.079366
-0.081073
-0.083006
-0.084703
-0.08631
-0.088014
-0.089835
-0.091557
-0.09312
-0.094587
-0.096032
-0.097555
-0.09889
-0.10006
-0.10118
-0.10234
-0.10364
-0.10527
-0.10658
-0.10782
-0.10914
-0.11053
-0.11187
-0.11303
-0.11408
-0.11511
-0.11621
-0.11714
-0.11792
-0.11862
-0.11932
-0.1202
-0.12143
-0.12236
-0.12324
-0.12413
-0.12508
-0.12608
-0.1269
-0.12758
-0.12827
-0.12896
-0.12957
-0.13003
-0.13036
-0.13069
-0.13126
-0.13191
-0.13269
-0.13324
-0.13378
-0.13441
-0.13512
-0.13565
-0.13607
-0.13649
-0.13691
-0.13727
-0.13748
-0.13757
-0.13768
-0.13797
-0.13841
-0.13895
-0.13927
-0.13956
-0.14001
-0.1405
-0.14086
-0.14111
-0.14131
-0.14153
-0.14174
-0.14178
-0.1417
-0.14161
-0.14162
-0.14187
-0.14223
-0.14236
-0.14247
-0.14275
-0.14305
-0.14326
-0.14335
-0.1434
-0.1435
-0.14359
-0.14351
-0.14334
-0.14318
-0.14313
-0.14333
-0.14361
-0.14366
-0.14374
-0.14395
-0.14419
-0.14435
-0.14439
-0.14435
-0.14443
-0.14447
-0.14438
-0.14417
-0.14393
-0.14374
-0.14391
-0.1441
-0.1441
-0.1441
-0.14419
-0.14436
-0.14446
-0.14442
-0.14431
-0.14434
-0.1443
-0.14414
-0.14387
-0.14359
-0.14339
-0.14358
-0.14375
-0.14375
-0.14377
-0.1439
-0.1441
-0.1442
-0.14417
-0.14408
-0.14413
-0.1441
-0.14395
-0.1437
-0.14342
-0.1432
-0.14343
-0.14352
-0.1436
-0.14359
-0.14365
-0.14385
-0.14394
-0.14387
-0.14377
-0.14376
-0.1437
-0.14351
-0.14321
-0.14288
-0.14262
-0.14288
-0.14299
-0.14298
-0.14299
-0.1431
-0.14333
-0.14343
-0.14339
-0.14331
-0.14337
-0.14334
-0.14317
-0.1429
-0.1426
-0.1424
-0.14269
-0.14279
-0.14284
-0.14286
-0.14296
-0.14324
-0.14334
-0.14329
-0.14322
-0.14324
-0.1432
-0.143
-0.14269
-0.14234
-0.14211
-0.14186
-0.14135
-0.14079
-0.14023
-0.13963
-0.1389
-0.13806
-0.13714
-0.13626
-0.13527
-0.13419
-0.13302
-0.13183
-0.13061
-0.1293
-0.12803
-0.12659
-0.12514
-0.12363
-0.12206
-0.12044
-0.11877
-0.11707
-0.11533
-0.11354
-0.11171
-0.10984
-0.10793
-0.10599
-0.10401
-0.10207
-0.10004
-0.097996
-0.095943
-0.093884
-0.091825
-0.089771
-0.087726
-0.085695
-0.083679
-0.081681
-0.079702
-0.077743
