0.020280469208955765
-0.0012691359734162688
-0.0012691359734162688
-0.0012691359734162688
-0.0012691359734162688
-0.0012691359734162688
-0.0012691359734162688
-0.0012691359734162688
-0.0012691359734162688
-0.0012691359734162688
-0.0012691359734162688
-0.0012691359734162688
-0.0012691359734162688
-0.0012691359734162688
-0.0012691359734162688
-0.0012691359734162688
-0.0012691359734162688
-0.0012691359734162688
-0.0012691359734162688
-0.0012691359734162688
-0.0012691359734162688
-0.0012691359734162688
-0.0012691359734162688
-0.0012691359734162688
-0.0012691359734162688
-0.0012691359734162688
-0.0012691359734162688
-0.0012691359734162688
-0.0012691359734162688
-0.0012691359734162688
-0.0012691359734162688
-0.0012691359734162688
-0.0012691359734162688
-0.0012691359734162688
-0.0012691359734162688
-0.0012691359734162688
-0.0012691359734162688
-0.0012691359734162688
-0.0012691359734162688
-0.0012691359734162688
-0.0012691359734162688
-0.0012691359734162688
-0.0012691359734162688
-0.0012691359734162688
-0.0012691359734162688
-0.0012691359734162688
-0.0012691359734162688
-0.0012691359734162688
-0.0012691359734162688
-0.0012691359734162688
-0.0012691359734162688
-0.0012691359734162688
-0.0012691359734162688
-0.0012691359734162688
-0.0012691359734162688
-0.0012691359734162688
-0.0012691359734162688
-0.0012691359734162688
-0.0012691359734162688
-0.0012691359734162688
-0.0012691359734162688
-0.0012691359734162688
-0.0012691359734162688
-0.0012691359734162688
-0.0012691359734162688
-0.0012691359734162688
-0.0012691359734162688
-0.0012691359734162688
0.0030494346283376217
0.003927622456103563
0.0023323518689721823
0.006369817536324263
-0.0012691359734162688
-0.0012691359734162688
-0.0012691359734162688
-0.0012691359734162688
-0.0012691359734162688
-0.0012691359734162688
-0.0012691359734162688
-0.0012691359734162688
-0.0012691359734162688
-0.0012691359734162688
-0.0012691359734162688
-0.0012691359734162688
-0.0012691359734162688
-0.0012691359734162688
-0.0012691359734162688
-0.0012691359734162688
-0.0012691359734162688
-0.0012691359734162688
-0.0012691359734162688
-0.0012691359734162688
0.006180614233016968
-0.0012691359734162688
-0.0012691359734162688
-0.0012691359734162688
-0.0012691359734162688
-0.0012691359734162688
-0.0012691359734162688
-0.0012691359734162688
-0.0012691359734162688
-0.0012691359734162688
-0.0012691359734162688
-0.0012691359734162688
-0.0012691359734162688
-0.0012691359734162688
-0.0012691359734162688
-0.0012691359734162688
-0.0012691359734162688
-0.0012691359734162688
-0.0012691359734162688
-0.0012691359734162688
-0.0012691359734162688
-0.0012691359734162688
-0.0012691359734162688
-0.0012691359734162688
-0.0012691359734162688
-0.0012691359734162688
-0.0012691359734162688
-0.0012691359734162688
-0.0012691359734162688
-0.0012691359734162688
-0.0012691359734162688
-0.0012691359734162688
-0.0012691359734162688
-0.0012691359734162688
-0.0012691359734162688
-0.0012691359734162688
-0.0012691359734162688
-0.0012691359734162688
-0.0012691359734162688
-0.0012691359734162688
-0.0012691359734162688
-0.0012691359734162688
-0.0012691359734162688
-0.0012691359734162688
-0.0012691359734162688
-0.0024082970339804888
-0.0014515614602714777
-0.004191290121525526
-0.003696572035551071
-0.0013411632971838117
-0.0021152414847165346
-0.007000964134931564
-0.006608260329812765
-0.007992935366928577
-0.008280990645289421
-0.010482327081263065
-0.01136795338243246
-0.011610601097345352
-0.011837098747491837
-0.01246041152626276
-0.012277001515030861
-0.012335984036326408
-0.01282899547368288
-0.012766832485795021
-0.013037648051977158
-0.013131530024111271
-0.013141506351530552
-0.014029274694621563
-0.015254789963364601
-0.014502963982522488
-0.0127060916274786
-0.014553092420101166
-0.014235835522413254
-0.015066524967551231
-0.016602173447608948
-0.02137668989598751
-0.02099848911166191
-0.021752404049038887
-0.02279791049659252
-0.02238435111939907
-0.0226755328476429
-0.02341024950146675
-0.024493979290127754
-0.02533344365656376
-0.025281405076384544
-0.025986507534980774
-0.02641243487596512
-0.02577882446348667
-0.026664458215236664
-0.026775436475872993
-0.026483917608857155
-0.027763307094573975
-0.027313649654388428
-0.02765924669802189
-0.027858495712280273
-0.029125569388270378
-0.028262510895729065
-0.028568299487233162
-0.029944421723484993
-0.029185950756072998
-0.029321540147066116
-0.029285799711942673
-0.02720942534506321
-0.027669664472341537
-0.02736336551606655
-0.02785421349108219
-0.028307568281888962
-0.028271043673157692
-0.027685467153787613
-0.02702287770807743
-0.027424057945609093
-0.027866549789905548
-0.028621021658182144
-0.028356581926345825
-0.028969768434762955
-0.028963936492800713
-0.028768600896000862
-0.02761136181652546
-0.028469257056713104
-0.02838783897459507
-0.028103863820433617
-0.02713220939040184
-0.028305189684033394
-0.0276787169277668
-0.026925103738904
-0.026680350303649902
-0.025982044637203217
-0.02659619227051735
-0.026749197393655777
-0.027174316346645355
-0.029076706618070602
-0.029647445306181908
-0.03349176421761513
-0.03228586167097092
-0.03346090391278267
-0.03752833977341652
-0.036200735718011856
-0.03375740349292755
-0.03012142889201641
-0.02876404859125614
-0.02793680503964424
-0.027914507314562798
-0.02906065806746483
-0.028277331963181496
-0.028290236368775368
-0.028501972556114197
-0.02909870445728302
-0.028272027149796486
-0.0284131970256567
-0.02890671230852604
-0.02900530770421028
-0.0322769470512867
-0.03278582915663719
-0.03222968056797981
-0.0341387577354908
-0.03169653192162514
-0.031184086576104164
-0.03184860199689865
-0.030149323865771294
-0.031922124326229095
-0.031556446105241776
-0.03141612559556961
-0.03165299445390701
-0.03377416729927063
-0.03158937394618988
-0.03255907818675041
-0.033896878361701965
-0.029683690518140793
-0.02540312148630619
-0.013603794388473034
-0.02458125539124012
-0.03196147829294205
-0.027752798050642014
-0.029539894312620163
-0.03209787234663963
-0.0354316383600235
-0.03583168238401413
-0.03852540999650955
-0.03815588355064392
-0.03888368234038353
-0.037954822182655334
-0.03548641875386238
-0.03435712680220604
-0.0328790508210659
-0.032904379069805145
-0.032264288514852524
-0.030555985867977142
-0.02912198193371296
-0.028794873505830765
-0.0286453478038311
-0.028715593740344048
-0.03101460076868534
-0.03133298456668854
-0.031585659831762314
-0.03148343414068222
-0.029209908097982407
-0.03165115788578987
-0.02883823961019516
-0.028811294585466385
-0.029300544410943985
-0.028672071173787117
-0.030199097469449043
-0.02154270000755787
-0.008133853785693645
-0.0012691359734162688
-0.009034325368702412
-0.013927023857831955
-0.029895422980189323
-0.029071595519781113
-0.028691675513982773
-0.028233306482434273
-0.028276927769184113
-0.02881654165685177
-0.027832724153995514
-0.02910536341369152
-0.029236119240522385
-0.027742890641093254
-0.027369646355509758
-0.027713950723409653
-0.025405706837773323
-0.024833092465996742
-0.02821333147585392
-0.029054274782538414
-0.027643958106637
-0.02637907676398754
-0.026113351806998253
-0.024681756272912025
-0.024943675845861435
-0.024118725210428238
-0.02417050302028656
-0.02408447302877903
-0.02361811138689518
-0.021094657480716705
-0.0195020604878664
-0.02064746804535389
-0.02126798965036869
-0.020043663680553436
-0.019466174766421318
-0.01984148658812046
-0.020397234708070755
-0.02037457749247551
-0.016927938908338547
-0.013826546259224415
-0.013736337423324585
-0.01347320806235075
-0.015099955722689629
-0.013323063030838966
-0.013265510089695454
-0.011018134653568268
-0.012758016586303711
-0.013366647064685822
-0.012734540738165379
-0.012184865772724152
-0.012226022779941559
-0.012181440368294716
-0.011439468711614609
-0.012072269804775715
-0.011941635981202126
-0.0119635546579957
-0.01131654903292656
-0.010402771644294262
-0.011776003986597061
-0.012657084502279758
-0.013034602627158165
-0.011289994232356548
-0.0012691359734162688
