0.09280741959810257
0.09347505867481232
0.09605450928211212
0.0969713032245636
0.09932258725166321
0.09984298050403595
0.09634717553853989
0.08794847875833511
0.0826629027724266
0.07743269950151443
0.0739380493760109
0.07301996648311615
0.07211455702781677
0.07289212942123413
0.06919597834348679
0.06610123068094254
0.06095866486430168
0.05542820692062378
0.0509948655962944
0.048112839460372925
0.04639890044927597
0.0427999384701252
0.04005741328001022
0.04015129432082176
0.04375684633851051
0.04327527433633804
0.04723850265145302
0.04626750573515892
0.048223529011011124
0.05004448816180229
0.048904817551374435
0.04555809497833252
0.045740239322185516
0.04186652600765228
0.039851557463407516
0.03702083230018616
0.031067823991179466
0.02176457643508911
0.011194249615073204
0.007777122780680656
0.008463913574814796
0.00628273282200098
0.004570129327476025
-0.0005760709173046052
-0.0077397627755999565
-0.012066480703651905
-0.016226770356297493
-0.022759735584259033
-0.02881564572453499
-0.03302674740552902
-0.03551831468939781
-0.035822343081235886
-0.037962689995765686
-0.039858512580394745
-0.03825473412871361
-0.040569666773080826
-0.04476812481880188
-0.04594198986887932
-0.05127006769180298
-0.04710327088832855
-0.039170343428850174
-0.03540590777993202
-0.03509489446878433
-0.03456471487879753
-0.03574106842279434
-0.03633296117186546
-0.036250896751880646
-0.03565385565161705
-0.0342634841799736
-0.03391575068235397
-0.036437876522541046
-0.033587925136089325
-0.02834874950349331
-0.01816035620868206
-0.005014055874198675
-0.00085172284161672
-0.002401339588686824
-0.00287079275585711
-0.009881933219730854
-0.013605311512947083
-0.015793101862072945
-0.017345687374472618
-0.018233168870210648
-0.019120600074529648
-0.023354196920990944
-0.029789473861455917
-0.034688565880060196
-0.03585539385676384
-0.04102009907364845
-0.04473060369491577
-0.04519413411617279
-0.0465768501162529
-0.05031726881861687
-0.05758029595017433
-0.05679354816675186
-0.05048484727740288
-0.04413317143917084
-0.037923600524663925
-0.03089798241853714
-0.03038109838962555
-0.026427321135997772
-0.02944815158843994
-0.03435986489057541
-0.04500430449843407
-0.05102986469864845
-0.056934721767902374
-0.06745380908250809
-0.07090586423873901
-0.07409112900495529
-0.07290812581777573
-0.07743293046951294
-0.07169517874717712
-0.07260769605636597
-0.06919006258249283
-0.06881220638751984
-0.06393492966890335
-0.062314633280038834
-0.06644563376903534
-0.06188628077507019
-0.06367160379886627
-0.0678539127111435
-0.069489985704422
-0.07524243742227554
-0.07791565358638763
-0.07629545032978058
-0.07725236564874649
-0.08342349529266357
-0.09273666143417358
-0.10425623506307602
-0.11405443400144577
-0.12165194004774094
-0.12864652276039124
-0.13245508074760437
-0.1352929323911667
-0.13398556411266327
-0.13065651059150696
-0.12738986313343048
-0.1234440729022026
-0.11882980912923813
-0.11507070064544678
-0.11448647081851959
-0.12266509979963303
-0.12874706089496613
-0.1360488384962082
-0.14122533798217773
-0.14922605454921722
-0.1549886018037796
-0.15956827998161316
-0.1704544872045517
-0.17335060238838196
-0.17168594896793365
-0.1701228767633438
-0.16742095351219177
-0.16184359788894653
-0.15834614634513855
-0.15435154736042023
-0.15245477855205536
-0.15238483250141144
-0.15230518579483032
-0.15641090273857117
-0.16086359322071075
-0.1700175702571869
-0.17472372949123383
-0.17529885470867157
-0.17630042135715485
-0.17895261943340302
-0.18063774704933167
-0.17737716436386108
-0.1764504611492157
-0.18525806069374084
-0.1931455433368683
-0.2017846703529358
-0.2083813101053238
-0.2175750732421875
-0.2261853814125061
-0.2302071899175644
-0.23472784459590912
-0.2347889542579651
-0.23436017334461212
-0.2312975823879242
-0.2271866500377655
-0.22508662939071655
-0.21828243136405945
-0.2075594812631607
-0.19806458055973053
-0.18926526606082916
-0.1896413117647171
-0.18860085308551788
-0.18798744678497314
-0.18167072534561157
-0.1777019202709198
-0.1699652373790741
-0.1609489917755127
-0.15332645177841187
-0.14343605935573578
-0.13971813023090363
-0.13442765176296234
-0.13215461373329163
-0.13152824342250824
-0.1412363052368164
-0.1501072347164154
-0.16052930057048798
-0.17205633223056793
-0.17771582305431366
-0.18080158531665802
-0.18196412920951843
-0.18533065915107727
-0.18453384935855865
-0.18533016741275787
-0.18467946350574493
-0.18519431352615356
-0.18533216416835785
-0.18976058065891266
-0.18852442502975464
-0.18496321141719818
-0.18150600790977478
-0.1773442178964615
-0.17716363072395325
-0.17755411565303802
-0.1754630208015442
-0.17000119388103485
-0.16787676513195038
-0.16387596726417542
-0.16366341710090637
-0.1595216691493988
-0.1551620364189148
-0.1541140377521515
-0.15982653200626373
-0.15822483599185944
-0.15826992690563202
-0.16229207813739777
-0.169061541557312
-0.17471636831760406
-0.18059736490249634
-0.1901455968618393
-0.20283852517604828
-0.21310481429100037
-0.22327107191085815
-0.23193617165088654
-0.23236854374408722
-0.2308519035577774
-0.22864337265491486
-0.22494471073150635
-0.23088441789150238
-0.2330837845802307
-0.23093661665916443
-0.22627517580986023
-0.21894747018814087
-0.21567480266094208
-0.21148525178432465
-0.2054639607667923
-0.19634252786636353
-0.18750622868537903
-0.17199315130710602
-0.15299087762832642
-0.1459384709596634
-0.14043065905570984
-0.1388796865940094
-0.13928104937076569
-0.1434057354927063
-0.15001904964447021
-0.15366794168949127
-0.15833960473537445
-0.16250671446323395
-0.16980807483196259
-0.17235152423381805
-0.1684691607952118
-0.16707667708396912
-0.16692127287387848
-0.1663586050271988
-0.1710895299911499
-0.1707782745361328
-0.17563635110855103
-0.17618615925312042
-0.17524893581867218
-0.17717450857162476
-0.174730122089386
-0.1657756119966507
-0.1574719399213791
-0.14932703971862793
-0.14427438378334045
-0.14241865277290344
-0.13548903167247772
-0.12776769697666168
-0.1247134730219841
-0.11701201647520065
-0.11651082336902618
-0.11015185713768005
-0.10544590651988983
-0.10079674422740936
-0.09741079062223434
-0.09852088242769241
-0.09734958410263062
-0.09906651079654694
-0.10011403262615204
-0.10004814714193344
-0.10031811147928238
-0.10265584290027618
-0.1027328297495842
-0.10267792642116547
-0.10233432054519653
-0.10177154839038849
-0.09938617795705795
-0.10122513771057129
-0.10302665084600449
-0.09855389595031738
-0.09814208000898361
-0.0915464460849762
-0.08632120490074158
-0.08582653850317001
-0.08478008955717087
-0.08653301000595093
-0.08403844386339188
-0.08468052744865417
-0.08419914543628693
-0.0817035362124443
-0.07730654627084732
-0.07373201847076416
-0.0767526626586914
-0.0782996267080307
-0.0794248953461647
-0.07610614597797394
-0.07396109402179718
-0.07069326937198639
-0.06673026829957962
-0.06372495740652084
-0.05661236122250557
-0.05275795981287956
-0.05263826251029968
-0.05627080425620079
-0.05503968149423599
-0.055442288517951965
-0.05469135940074921
-0.05353569984436035
-0.052681244909763336
-0.05354980751872063
-0.05376071482896805
-0.052873581647872925
-0.053490910679101944
-0.054379649460315704
-0.05410235747694969
-0.05203511193394661
-0.046487342566251755
-0.042766157537698746
-0.03700781613588333
-0.03141564875841141
-0.02869105339050293
-0.02613404393196106
-0.027223628014326096
-0.026792528107762337
-0.027933506295084953
-0.0280904620885849
-0.02832583338022232
-0.028197377920150757
-0.028517398983240128
-0.032305601984262466
-0.033716581761837006
-0.03746243938803673
