0.0203658062965
0.0169583614916
0.0257833972573
0.0303986296058
0.033821567893
0.036300022155
0.0362457856536
0.0345326215029
0.0316326767206
0.0274608321488
0.0236039794981
0.0211773831397
0.0199844297022
0.0182275269181
0.0155771691352
0.0131598506123
0.0111693069339
0.0101730320603
0.0105396509171
0.0106407292187
0.0104657504708
0.0100933611393
0.010797329247
0.0118581820279
0.0118802823126
0.0105235073715
0.00862834788859
0.0070724687539
0.00516081089154
0.00654513994232
0.00929629988968
0.0116534922272
0.0141954049468
0.0162145905197
0.0177039541304
0.0181351527572
0.0172357074916
0.0160483252257
0.0145133621991
0.0142190940678
0.013676835224
0.0137577261776
0.0146956574172
0.0147074572742
0.014575464651
0.0140835270286
0.0137851852924
0.0115532521158
0.00841972231865
0.00557041401044
0.00296670384705
0.000227848999202
-0.00162615650333
-0.00262367282994
-0.00407880777493
-0.00473116664216
-0.00455939117819
-0.00420810747892
-0.00233014719561
-4.25069592893e-05
0.0022367881611
0.00328074628487
0.00410421239212
0.00375626934692
0.00367231620476
0.00441088667139
0.0050229053013
0.00538247590885
0.0058386833407
0.00635714037344
0.0071788658388
0.00815833732486
0.0085189640522
0.00828067585826
0.00711899669841
0.00513572664931
0.00360686471686
0.0020989747718
0.00212207995355
0.00293385656551
0.00365948071703
0.00415188679472
0.00463912682608
0.00373715674505
0.00202068034559
-0.000897256424651
-0.00322871329263
-0.00470638368279
-0.00601172493771
-0.0067491857335
-0.00683781597763
-0.00526550831273
-0.00308466330171
-0.000928291119635
0.000879489816725
0.00263804662973
0.00428353389725
0.00607114424929
0.00794295035303
0.00852104835212
0.00893107429147
0.00865941680968
0.00807644613087
0.00741234002635
0.00733569869772
0.0067497654818
0.00643758708611
0.00529487198219
0.00331897893921
0.00164144532755
-0.000631794799119
-0.00274805328809
-0.00441890256479
-0.00584733765572
-0.00660782959312
-0.00771930254996
-0.00787908583879
-0.00742441369221
-0.00688889157027
-0.00607344927266
-0.00523481052369
-0.00428515626118
-0.00266965827905
-0.0019123412203
-0.00113780237734
-0.000168900471181
0.00124389352277
0.00200166273862
0.0028097233735
0.00347164133564
0.00383226713166
0.00402509840205
0.00434159999713
0.00398230133578
0.00350511213765
0.00290219299495
0.00158914364874
0.00016605341807
-0.00132757797837
-0.00275630247779
-0.0046565765515
-0.00608570082113
-0.00841693393886
-0.0117166461423
-0.0151063408703
-0.0191168896854
-0.0221876297146
-0.0240721385926
-0.0251941215247
-0.0263493359089
-0.0285957865417
-0.0306738652289
-0.0323690846562
-0.0332313366234
-0.0335304401815
-0.0337114036083
-0.0334028154612
-0.0332651436329
-0.0338696762919
-0.0347686484456
-0.0354169793427
-0.0347566716373
-0.0336334519088
-0.0324048437178
-0.0317988693714
-0.031138125807
-0.0311931185424
-0.032069247216
-0.0323668979108
-0.0334580764174
-0.0349357202649
-0.0356808528304
-0.0364694781601
-0.0384940467775
-0.0413570404053
-0.0441347658634
-0.0469387173653
-0.048470415175
-0.0500023923814
-0.051292296499
-0.0516052395105
-0.0516526736319
-0.0516044646502
-0.0517145805061
-0.0515267401934
-0.0509097874165
-0.0502487458289
-0.0495443120599
-0.0487466193736
-0.0477139204741
-0.0464923344553
-0.0457929186523
-0.0458349436522
-0.0464145764709
-0.0464040711522
-0.046239066869
-0.0456907264888
-0.0447294674814
-0.0444528274238
-0.0442613475025
-0.0437612906098
-0.0429687388241
-0.0420481562614
-0.0414248593152
-0.0403501354158
-0.0399895682931
-0.0391494855285
-0.0381472930312
-0.0386562645435
-0.0402384065092
-0.0405137948692
-0.0394315086305
-0.038370359689
-0.0370635613799
-0.0348331741989
-0.0328549779952
-0.0317105278373
-0.0307069346309
-0.0295901894569
-0.0283050611615
-0.0274204015732
-0.027008280158
-0.0262978058308
-0.0260347016156
-0.0260427817702
-0.0260263253003
-0.0258574355394
-0.0260155647993
-0.0267621632665
-0.0277646929026
-0.0289527457207
-0.0303549841046
-0.0318730957806
-0.0324090272188
-0.0326934382319
-0.0335476398468
-0.0344913825393
-0.0351062901318
-0.0362286567688
-0.0384628660977
-0.0408788435161
-0.042874481529
-0.044769782573
-0.0465444400907
-0.0483147464693
-0.0485429465771
-0.048124294728
-0.0478460676968
-0.0474920459092
-0.0461991652846
-0.0441891923547
-0.0424724556506
-0.0416049025953
-0.0409088656306
-0.0396576113999
-0.0384849347174
-0.0369845405221
-0.0351766459644
-0.0335521437228
-0.0328181162477
-0.0325423367321
-0.0315913893282
-0.0304591041058
-0.0294382236898
-0.0289194118232
-0.0287494622171
-0.029287757352
-0.0301331747323
-0.0301030073315
-0.0300244223326
-0.0303529892117
-0.031415913254
-0.0327708013356
-0.0344812422991
-0.0361307151616
-0.0378608219326
-0.039089281112
-0.0396477542818
-0.040078278631
-0.040037009865
-0.0396020896733
-0.0386237166822
-0.0374577492476
-0.0368690192699
-0.0367404595017
-0.0367307290435
-0.0368462651968
-0.0370300896466
-0.0360353961587
-0.0339655689895
-0.0316422954202
-0.0298920981586
-0.0285235643387
-0.0270089935511
-0.0264465250075
-0.0268322583288
-0.0269310418516
-0.026560343802
-0.0258007068187
-0.0256571862847
-0.026287920773
-0.0277277119458
-0.0297013483942
-0.0315810739994
-0.0332335941494
-0.035148434341
-0.0373156480491
-0.0389094129205
-0.040010754019
-0.0406731925905
-0.0413006842136
-0.041922390461
-0.042272862047
-0.0424028597772
-0.042812012136
-0.0430852510035
-0.0431693978608
-0.0435389578342
-0.0434276387095
-0.0425983965397
-0.0414999686182
-0.0405865460634
-0.0394081063569
-0.0384465381503
-0.0371675528586
-0.0361949950457
-0.0358458086848
-0.0357835553586
-0.0357775948942
-0.0359059497714
-0.0365303903818
-0.0364849418402
-0.0358359515667
-0.0360074564815
-0.0356660038233
-0.0345601476729
-0.0343165248632
-0.0334148518741
-0.0324607156217
-0.0316694527864
-0.0315076746047
-0.0310103688389
-0.0306173935533
-0.0299592819065
-0.0292021576315
-0.0282236877829
-0.0280006863177
-0.027953768149
-0.0282438229769
-0.0285942126065
-0.0291202496737
-0.0292957928032
-0.0291948933154
-0.0286504533142
-0.0271773356944
-0.0257690437138
-0.0247700084001
-0.023688506335
