0
-9.0781e-17
-1.8783e-16
-2.5065e-16
-9.8677e-17
-2.068e-16
-1.7157e-16
-2.3759e-16
-1.7621e-16
-2.0354e-16
-2.0165e-16
-2.3052e-16
-1.975e-16
-6.079e-17
-6.1014e-17
-1.1907e-16
-1.8839e-16
-6.5421e-17
-7.0884e-17
-7.4299e-17
-1.4988e-16
-1.2874e-16
-1.8066e-16
-1.7637e-16
-1.7945e-16
-1.146e-16
-1.9233e-16
-2.6434e-16
1.1296e-17
-3.7037e-16
-3.2476e-17
-3.6404e-17
-1.5235e-16
-9.6281e-17
-1.0994e-16
-2.842e-16
-6.8303e-17
-4.1233e-17
4.3024e-18
2.7081e-16
4.0629e-16
2.7278e-16
3.501e-16
2.2943e-16
2.2254e-16
2.5152e-16
2.3662e-16
2.0415e-16
3.4684e-16
2.0395e-16
2.0718e-16
2.1116e-16
3.5685e-16
3.344e-16
3.3688e-16
-8.5873e-18
-4.3619e-17
-1.247e-17
-1.4641e-17
-1.6307e-16
-1.6072e-16
-1.565e-16
-2.4535e-18
-1.4446e-16
9.9433e-18
1.4163e-17
1.6057e-17
3.616e-16
2.4261e-16
2.3761e-16
3.4653e-16
2.2251e-16
2.1461e-16
2.0796e-16
-1.7513e-16
-2.8082e-17
-1.7471e-16
-2.0895e-17
-1.6084e-16
-2.4523e-18
-1.4129e-16
1.4673e-17
1.907e-17
-3.4618e-16
1.7804e-17
-1.6853e-16
8.0101e-18
3.6978e-18
-2.1722e-16
-1.1568e-18
-1.936e-18
-2.1912e-16
4.1858e-19
-1.4609e-16
-1.4392e-16
2.3682e-16
2.3834e-16
3.5515e-16
2.3832e-16
2.3454e-16
4.1167e-05
0.00028407
0.0005679
0.00085106
0.0011312
0.0014041
0.0017627
0.0022351
0.002697
0.0031373
0.0035539
0.0039453
0.0044547
0.0049874
0.0054955
0.0059798
0.0064405
0.0069115
0.0074595
0.0079993
0.0086585
0.0096602
0.010684
0.011733
0.012805
0.013833
0.015055
0.016434
0.017748
0.019059
0.020311
0.021502
0.022922
0.024325
0.025671
0.026981
0.028224
0.029486
0.030863
0.032187
0.033644
0.03538
0.037069
0.03881
0.040561
0.042216
0.044072
0.045996
0.047815
0.049653
0.051396
0.05305
0.054893
0.056663
0.058357
0.06001
0.061558
0.06315
0.064763
0.06628
0.067942
0.069845
0.071656
0.073499
0.075307
0.076991
0.078883
0.080797
0.082583
0.084365
0.086026
0.087577
0.089307
0.090935
0.092468
0.093941
0.095291
0.096853
0.098237
0.099506
0.10092
0.10254
0.10406
0.10559
0.10708
0.10843
0.10998
0.11154
0.11297
0.11439
0.11569
0.11686
0.11822
0.11947
0.12062
0.1217
0.12266
0.12384
0.12488
0.12574
0.12673
0.12795
0.12905
0.13016
0.13123
0.13217
0.13329
0.13445
0.13545
0.13648
0.13737
0.13812
0.13908
0.13994
0.14068
0.14138
0.14195
0.14276
0.14341
0.1439
0.14444
0.1453
0.14603
0.14676
0.14747
0.14805
0.14877
0.14958
0.15025
0.15092
0.15149
0.15191
0.15251
0.15305
0.15347
0.15387
0.15414
0.15462
0.15497
0.15518
0.15534
0.15592
0.15639
0.15681
0.15727
0.1576
0.15799
0.15856
0.15899
0.1594
0.15974
0.15995
0.16026
0.16059
0.1608
0.16098
0.16105
0.16132
0.16143
0.16145
0.16139
0.16171
0.16201
0.16222
0.16251
0.16269
0.16282
0.16324
0.16354
0.16377
0.16399
0.16407
0.16417
0.16438
0.16447
0.16451
0.16448
0.16434
0.16456
0.16448
0.16431
0.16438
0.1646
0.16471
0.16488
0.16499
0.165
0.16526
0.16549
0.16561
0.16577
0.1658
0.16574
0.16589
0.16593
0.16589
0.16582
0.16565
0.16572
0.16561
0.16539
0.16525
0.16543
0.16551
0.16558
0.16567
0.16565
0.16574
0.16597
0.16608
0.16618
0.16621
0.16614
0.16616
0.16621
0.16615
0.16606
0.16589
0.16591
0.16575
0.16554
0.16529
0.16535
0.16544
0.16545
0.16555
0.16555
0.16551
0.16572
0.16586
0.16592
0.16599
0.16594
0.16585
0.16593
0.1659
0.16581
0.16567
0.16545
0.16547
0.1653
0.16503
0.1649
0.16503
0.16507
0.16512
0.16517
0.16512
0.1652
0.16539
0.16548
0.16554
0.16554
0.16545
0.16546
0.16548
0.16541
0.1653
0.16511
0.16512
0.16495
0.16473
0.16448
0.16452
0.16461
0.16462
0.1647
0.1647
0.16466
0.16485
0.16499
0.16505
0.16512
0.16507
0.16498
0.16506
0.16504
0.16495
0.16482
0.16465
0.16461
0.16446
0.16421
0.16403
0.16418
0.16423
0.16427
0.16434
0.1643
0.16435
0.16456
0.16467
0.16474
0.16477
0.16469
0.16468
0.16473
0.16468
0.16459
0.16443
0.16425
0.16427
0.16409
0.16382
0.1638
0.16392
0.16396
0.16404
0.16407
0.16404
0.16417
0.16435
0.16444
0.16452
0.16451
0.16444
0.16447
0.1645
0.16443
0.16434
0.16415
0.16399
0.16402
0.16382
0.16353
0.16319
0.16275
0.16226
0.16182
0.16131
0.16073
0.16008
0.15935
0.15858
0.15785
0.15706
0.1562
0.15528
0.15429
0.15326
0.15225
0.15118
0.15026
0.14907
0.14782
0.14654
0.14526
0.14393
0.14255
0.14113
0.13967
0.1382
0.13671
0.13519
0.13364
0.13207
0.13048
0.12886
0.12723
0.12558
0.12391
0.12223
0.12057
0.11892
