-0.0012691359734162688
0.014778225682675838
-0.0012691359734162688
-0.0012691359734162688
-0.0012691359734162688
-0.0012691359734162688
-0.0012691359734162688
-0.0012691359734162688
-0.0012691359734162688
-0.0012691359734162688
0.006268593482673168
0.004957417957484722
0.0074572185985744
0.007004146464169025
0.006374364718794823
0.007777572143822908
0.007037704344838858
0.002492588711902499
0.007714242208749056
0.0011957526439800858
0.0014118256513029337
-0.0012691359734162688
-0.0012691359734162688
-0.0012691359734162688
0.007616516202688217
0.0025266462471336126
0.007607528008520603
0.003320955904200673
0.0010748550994321704
0.004345396067947149
-0.0012691359734162688
0.008286765776574612
-0.0012691359734162688
0.0023690976668149233
0.004904366564005613
-0.0012691359734162688
-0.0012691359734162688
-0.0012691359734162688
0.007051039487123489
0.0023964729625731707
0.0021931282244622707
0.006820676848292351
0.0050311218947172165
0.004780575633049011
0.006747111678123474
0.009388778358697891
0.005616598296910524
0.007980759255588055
0.00828562956303358
0.009931514039635658
0.006100401747971773
0.00888663437217474
0.0071140010841190815
0.0009839191334322095
0.008725562132894993
-0.0012214735615998507
0.006647219881415367
0.008154540322721004
0.00902022048830986
0.010305073112249374
0.00731827924028039
0.010812879540026188
0.00884697400033474
-0.0012691359734162688
-0.00027954799588769674
0.008268448524177074
0.008714576251804829
0.0063833813183009624
0.005644629243761301
0.0014439879450947046
0.0016117383493110538
-0.0012691359734162688
0.0014372074510902166
0.007409721612930298
0.00119011418428272
0.004870076198130846
0.009338046424090862
0.003749801544472575
0.008315139450132847
0.003952051047235727
-0.0012691359734162688
0.003833162132650614
0.0005917653907090425
-0.0012691359734162688
0.00217747176066041
0.006178004201501608
0.009326186962425709
0.0003698664950206876
0.003109419485554099
-0.0012691359734162688
-0.0012691359734162688
-0.0012691359734162688
0.004326486494392157
0.007152899168431759
0.0029323280323296785
0.01141397375613451
0.002111403038725257
0.008546017110347748
0.0012394863879308105
0.008528129197657108
0.00887211598455906
0.00897912960499525
0.0019642997067421675
0.001679864595644176
0.001912343199364841
0.007525227498263121
0.00518902437761426
-0.00025810394436120987
0.0024527092464268208
0.006270247045904398
0.002869747579097748
0.006878362502902746
0.009148695506155491
-0.0012691359734162688
-0.0012691359734162688
-0.0012691359734162688
0.009395303204655647
0.003984458744525909
0.0010934126330539584
0.009032336995005608
0.008033499121665955
0.011247246526181698
0.014462140388786793
0.010174199938774109
0.011358019895851612
0.010031236335635185
0.004257319960743189
0.009968173690140247
0.010009009391069412
0.008291699923574924
0.008858660236001015
0.008857917040586472
0.006566713564097881
0.0033301867078989744
0.005960796028375626
0.004906649235635996
0.005263246595859528
0.006750923581421375
0.004641631152480841
0.006071099080145359
0.010217254050076008
0.01021405216306448
0.009173653088510036
0.012629281729459763
0.01170819066464901
0.008872671984136105
0.012736472301185131
0.013199592009186745
0.011773945763707161
0.010802210308611393
0.007924492470920086
0.011228441260755062
0.008992482908070087
0.014172268100082874
0.013368960469961166
0.015611059963703156
0.012481732293963432
0.011561514809727669
0.012477228417992592
0.012591487728059292
0.013225297443568707
0.014119382947683334
0.014832083135843277
0.014937316998839378
0.05124087259173393
0.05103539302945137
0.033636849373579025
0.034725915640592575
0.01634661667048931
0.015664117410779
0.03074616566300392
0.026563579216599464
0.025655226781964302
0.025880932807922363
0.028574347496032715
0.028375033289194107
0.035448260605335236
0.02963603101670742
0.024559250101447105
0.019637400284409523
0.023330403491854668
0.02074393630027771
0.022135315462946892
0.020628347992897034
0.021485216915607452
0.021907521411776543
0.022486424073576927
0.02555898390710354
0.02384938858449459
0.023951901122927666
0.02408822439610958
0.025039231404662132
0.026174992322921753
0.027397312223911285
0.027310358360409737
0.028065063059329987
0.029172169044613838
0.02824878878891468
0.02863325923681259
0.033614881336688995
0.0392264761030674
0.031259987503290176
0.033334631472826004
0.03150178864598274
0.03285786509513855
0.032582271844148636
0.03310207277536392
0.031230168417096138
0.03176628798246384
0.03386366367340088
0.03303520381450653
0.0326036661863327
0.0331413559615612
0.03379996120929718
0.03432396054267883
0.03528967499732971
0.03443479537963867
0.03228461369872093
0.034645650535821915
0.034989386796951294
0.0351693257689476
0.03803466260433197
0.040185168385505676
0.03510262072086334
0.03944903612136841
0.03364047780632973
0.03483676165342331
0.03680505231022835
0.03805197402834892
0.038273513317108154
0.03491629287600517
0.04091309383511543
0.045990023761987686
0.042359858751297
0.03510793298482895
0.034519534558057785
0.03430814668536186
0.035377636551856995
0.04312446340918541
0.047166693955659866
0.046964582055807114
0.04760076850652695
0.04897671192884445
0.04900789633393288
0.04842224344611168
0.04825673624873161
0.04610176011919975
0.043751705437898636
0.04388710483908653
0.04112091660499573
0.03760695084929466
0.04319299757480621
0.042432256042957306
0.041553013026714325
0.03913024812936783
0.03686748817563057
0.039028361439704895
0.03654368221759796
0.036931153386831284
0.03649287298321724
0.03588670864701271
0.039277855306863785
0.04351574182510376
0.044840116053819656
0.04798141121864319
0.0528976209461689
0.05198841914534569
0.0523393414914608
0.04884984716773033
0.04753986373543739
0.04727296158671379
0.047675251960754395
0.04600083455443382
0.04042948782444
0.03481913357973099
0.034591566771268845
0.03474177047610283
0.0355483740568161
0.03570310026407242
0.036173149943351746
0.04355340451002121
0.04710172861814499
0.04844183474779129
0.05301396921277046
0.05149292200803757
0.05071059986948967
0.052171576768159866
0.05129289999604225
0.04891463369131088
0.03980597108602524
0.041340313851833344
0.044517431408166885
0.039306022226810455
0.035801518708467484
0.039034441113471985
0.05109918862581253
0.05507461354136467
0.05169970914721489
0.062245845794677734
0.05798206478357315
0.052095893770456314
0.04976397752761841
0.04397515580058098
0.04448769614100456
0.052997637540102005
0.047454629093408585
0.053171392530202866
0.042329803109169006
0.044967494904994965
0.051457736641168594
0.05086325481534004
0.04662097990512848
0.04260767623782158
0.04353424161672592
0.040084391832351685
0.03941437974572182
0.04520175978541374
0.04811908304691315
0.04959103465080261
0.058409933000802994
0.05461396276950836
0.052822407335042953
0.053884223103523254
0.054606929421424866
0.04904157295823097
0.048192866146564484
0.0512637123465538
0.055992115288972855
0.054409001022577286
0.05498349294066429
0.05371542647480965
0.0501895509660244
0.05117735639214516
0.05507190525531769
0.05581914633512497
0.06603600829839706
0.06069839000701904
0.058311618864536285
0.05803009122610092
0.058296579867601395
0.06169287487864494
0.05784991383552551
0.060658104717731476
0.05789560079574585
0.059868503361940384
0.05943213775753975
0.058051321655511856
0.05832169950008392
0.056977517902851105
0.056544650346040726
0.0562109500169754
0.05637456849217415
0.056086331605911255
0.05924118682742119
0.05927442014217377
0.057870909571647644
0.0558181069791317
0.058481115847826004
0.057286299765110016
0.06071120873093605
0.05987906828522682
0.05744456872344017
0.05891275778412819
0.0642874464392662
0.06077703461050987
0.05704952031373978
0.05537214130163193
0.05582372471690178
0.05710100755095482
0.05506047606468201
0.053562331944704056
0.052777551114559174
0.060914598405361176
0.06767380237579346
0.061974793672561646
0.060952261090278625
0.06830369681119919
0.0862400010228157
0.06719692051410675
0.05716949701309204
0.0563322938978672
0.05846257507801056
0.05914165824651718
0.058153171092271805
0.05546038970351219
0.05495372414588928
0.054525818675756454
0.053150683641433716
0.053898826241493225
0.05413156375288963
0.054521527141332626
0.05514904111623764
0.054451875388622284
0.053905002772808075
0.053590327501297
0.05471542105078697
0.06068262457847595
0.057272475212812424
0.05262575298547745
0.05169210210442543
0.05085896700620651
0.053141940385103226
0.052069682627916336
0.057295575737953186
0.05704948306083679
0.0533626414835453
0.05405807867646217
0.05650545656681061
0.054002925753593445
0.05602509155869484
0.057437773793935776
0.057404376566410065
0.05798344686627388
0.056704435497522354
0.05718179792165756
0.054709676653146744
0.055599939078092575
0.05547943338751793
0.05613848567008972
0.05585784837603569
0.05813620984554291
0.08561192452907562
0.06616587936878204
0.061013974249362946
0.05894024297595024
0.057378049939870834
0.06352149695158005
0.08775881677865982
0.09114628285169601
0.07948057353496552
0.05820469185709953
0.05829036608338356
0.05814151093363762
0.06220154091715813
0.061516668647527695
0.06002412736415863
0.059389106929302216
0.062276750802993774
0.06580590456724167
0.06753982603549957
0.06362929195165634
0.05295335873961449
0.06550680100917816
0.0665045753121376
0.06230708956718445
0.06329918652772903
0.053649455308914185
0.05433831363916397
0.052555885165929794
0.0563124381005764
0.05433032289147377
0.060621924698352814
0.08170446753501892
0.06289423257112503
0.04979648441076279
0.04427983611822128
0.056929297745227814
0.05565403029322624
0.06742917746305466
0.06703513115644455
0.06840810924768448
0.07741274684667587
0.05223746970295906
0.05719040706753731
