-0.06669376790523529
-0.06862004101276398
-0.07241244614124298
-0.07459381222724915
-0.08000091463327408
-0.08344376087188721
-0.09312568604946136
-0.10211613029241562
-0.11171836405992508
-0.11746037751436234
-0.12979759275913239
-0.14029517769813538
-0.15524320304393768
-0.1672239899635315
-0.18053027987480164
-0.19027380645275116
-0.19845467805862427
-0.20155154168605804
-0.20770268142223358
-0.21341238915920258
-0.21371549367904663
-0.21034155786037445
-0.20238646864891052
-0.1965957134962082
-0.19317057728767395
-0.18155115842819214
-0.17673933506011963
-0.17887268960475922
-0.18440793454647064
-0.1898207813501358
-0.18890272080898285
-0.1836164891719818
-0.18636655807495117
-0.1936482936143875
-0.19168975949287415
-0.1914973109960556
-0.1835649460554123
-0.1788613200187683
-0.17689020931720734
-0.17479825019836426
-0.17268086969852448
-0.16818241775035858
-0.1796579360961914
-0.17776337265968323
-0.17511343955993652
-0.17308425903320312
-0.17216497659683228
-0.16695928573608398
-0.1677962988615036
-0.17147572338581085
-0.17062442004680634
-0.1788637489080429
-0.18517516553401947
-0.20018520951271057
-0.21537253260612488
-0.2307673543691635
-0.23594044148921967
-0.24072538316249847
-0.23740579187870026
-0.23514965176582336
-0.22013035416603088
-0.20685996115207672
-0.200656920671463
-0.20322588086128235
-0.19735291600227356
-0.1899116188287735
-0.17936009168624878
-0.1762726902961731
-0.17893341183662415
-0.18559348583221436
-0.1885683536529541
-0.18754813075065613
-0.18179158866405487
-0.1789938360452652
-0.17163462936878204
-0.16035494208335876
-0.15796151757240295
-0.15451455116271973
-0.15941117703914642
-0.16188590228557587
-0.15452903509140015
-0.14058950543403625
-0.14441868662834167
-0.14573830366134644
-0.14492034912109375
-0.15185508131980896
-0.15378163754940033
-0.15510909259319305
-0.15759557485580444
-0.1535595804452896
-0.1430741548538208
-0.14371289312839508
-0.13895922899246216
-0.141688734292984
-0.13797011971473694
-0.13282139599323273
-0.13388513028621674
-0.13303962349891663
-0.13636645674705505
-0.13786433637142181
-0.14176999032497406
-0.1406322419643402
-0.14551779627799988
-0.14539200067520142
-0.1432115137577057
-0.1309467852115631
-0.12932473421096802
-0.12401507794857025
-0.12480117380619049
-0.11756420880556107
-0.10681994259357452
-0.10981005430221558
-0.1137610450387001
-0.11598052829504013
-0.11569786071777344
-0.10962338745594025
-0.10404878109693527
-0.1014949306845665
-0.09951714426279068
-0.10164034366607666
-0.10724526643753052
-0.12303364276885986
-0.13866247236728668
-0.1413595825433731
-0.14007852971553802
-0.13961125910282135
-0.12908470630645752
-0.12702105939388275
-0.122468963265419
-0.11695394665002823
-0.10873503983020782
-0.10450161248445511
-0.09819816052913666
-0.09492697566747665
-0.0972452163696289
-0.10949183255434036
-0.12041598558425903
-0.12496179342269897
-0.13196249306201935
-0.13014823198318481
-0.13451646268367767
-0.1321967989206314
-0.12383633106946945
-0.12041451781988144
-0.11274755746126175
-0.1015395000576973
-0.09019521623849869
-0.08807235211133957
-0.08674781024456024
-0.09490127861499786
-0.08346452564001083
-0.07580048590898514
-0.06907949596643448
-0.053413115441799164
-0.04293016716837883
-0.03644866123795509
-0.030164988711476326
-0.02099829912185669
-0.020896269008517265
-0.01319483295083046
-0.014620089903473854
-0.0017453241162002087
0.0006809706683270633
0.003372068051248789
-0.004211336374282837
-0.015893379226326942
-0.029728049412369728
-0.052149880677461624
-0.06300447136163712
-0.06536953896284103
-0.07073034346103668
-0.0705023854970932
-0.09088467806577682
-0.10567155480384827
-0.12432406842708588
-0.13301505148410797
-0.13106290996074677
-0.13414590060710907
-0.131890669465065
-0.12377863377332687
-0.11664306372404099
-0.10695413500070572
-0.09855818748474121
-0.10048112273216248
-0.10026367008686066
-0.1015697792172432
-0.10144694894552231
-0.0904376432299614
-0.07620280981063843
-0.06712401658296585
-0.05067115277051926
-0.040327493101358414
-0.035887639969587326
-0.02759562060236931
-0.030472951009869576
-0.034417200833559036
-0.05016351118683815
-0.060488104820251465
-0.06816864758729935
-0.06508542597293854
-0.06268780678510666
-0.06501206755638123
-0.06535891443490982
-0.06794261932373047
-0.06945663690567017
-0.07028498500585556
-0.07012664526700974
-0.0681118369102478
-0.06744415313005447
-0.06039201840758324
-0.06637527048587799
-0.06554632633924484
-0.061770372092723846
-0.049515873193740845
-0.04413439333438873
-0.037536486983299255
-0.031787361949682236
-0.0315178744494915
-0.035891465842723846
-0.040703147649765015
-0.03491971641778946
-0.028697334229946136
-0.02608506754040718
-0.022918887436389923
-0.010692795738577843
-0.0044023715890944
3.5972188925370574e-05
0.0007337823044508696
0.01118354219943285
0.017780305817723274
0.020210443064570427
0.013843705877661705
0.008283090777695179
0.001708888914436102
0.0024184847716242075
0.0036082062870264053
0.0041143326088786125
0.01086006686091423
0.01098049245774746
0.007359852083027363
0.01860078051686287
0.01942044124007225
0.049048349261283875
0.07138030230998993
0.08582526445388794
0.10613694041967392
0.13204148411750793
0.16033585369586945
0.16967609524726868
0.17779825627803802
0.1876625120639801
0.19611698389053345
0.20872172713279724
0.21688148379325867
0.21607136726379395
0.22154435515403748
0.21100887656211853
0.19045978784561157
0.1812615841627121
0.1601945161819458
0.15139375627040863
0.14323385059833527
0.137209951877594
0.13638900220394135
0.13516370952129364
0.12802976369857788
0.11988766491413116
0.11657140403985977
0.11285939067602158
0.11771766096353531
0.11779750883579254
0.1209467351436615
0.1175912469625473
0.11864522844552994
0.1284722536802292
0.13838127255439758
0.13027171790599823
0.13092580437660217
0.1263527125120163
0.12467982620000839
0.12166226655244827
0.12892626225948334
0.13817603886127472
0.15359316766262054
0.15298885107040405
0.16053634881973267
0.17202293872833252
0.17350353300571442
0.19369368255138397
0.20764239132404327
0.21803823113441467
0.23108278214931488
0.23772551119327545
0.22925812005996704
0.23003804683685303
0.23024311661720276
0.23870521783828735
0.24808120727539062
0.25470539927482605
0.26437321305274963
0.27469345927238464
0.2724407911300659
0.2795794904232025
0.275564581155777
0.27057161927223206
0.26282480359077454
0.25856155157089233
0.2501295506954193
0.2517760097980499
0.2529090940952301
0.24153494834899902
0.22108176350593567
0.20966631174087524
0.19692301750183105
0.19375883042812347
0.1841113120317459
0.1768353432416916
0.17311938107013702
0.17254707217216492
0.16403380036354065
0.15750740468502045
0.14714711904525757
0.135219007730484
0.1202850416302681
0.12147517502307892
0.11200347542762756
0.10468368232250214
0.09361307322978973
0.07042219489812851
0.04967685043811798
0.04001690074801445
0.04130486026406288
0.042570810765028
0.052140023559331894
0.07212641090154648
0.09414680302143097
0.12371454387903214
0.15535442531108856
0.1709986925125122
0.18690802156925201
0.19140277802944183
0.198696568608284
0.1947140246629715
0.20357859134674072
0.2057655155658722
0.20993222296237946
0.21055659651756287
0.22195881605148315
0.216983824968338
0.22310870885849
0.22768007218837738
0.2301354706287384
0.22869135439395905
0.22851498425006866
0.24582244455814362
0.24674347043037415
0.23952175676822662
0.2284761518239975
0.22748316824436188
0.22513136267662048
0.22584344446659088
0.23109713196754456
0.23294800519943237
0.24490660429000854
0.2619536817073822
0.2695678472518921
0.27753710746765137
0.278806209564209
0.27666667103767395
0.27014023065567017
0.26026758551597595
0.2610688805580139
0.2794957756996155
0.2835780382156372
0.2897063195705414
0.2856425642967224
0.286236435174942
0.29381078481674194
0.28796952962875366
0.28357431292533875
0.28356075286865234
0.28619804978370667
0.30043283104896545
0.3017110228538513
0.3124304711818695
0.3002088665962219
0.290155291557312
0.27606484293937683
0.2625245153903961
0.2511579692363739
0.2475074976682663
0.24137908220291138
0.23742349445819855
0.2322467863559723
0.23202736675739288
0.23548519611358643
0.2374090552330017
0.2490152269601822
0.2531428337097168
0.2485283613204956
0.2372824102640152
0.21926520764827728
0.211172953248024
0.2096579521894455
0.20972824096679688
0.2062852829694748
0.18446455895900726
0.171474426984787
0.1690801978111267
0.16193556785583496
0.15632152557373047
0.1579395979642868
0.15526609122753143
0.15786229074001312
0.15314187109470367
0.15564817190170288
0.15347984433174133
0.15036633610725403
0.13780337572097778
0.1333671361207962
0.13285186886787415
0.14032013714313507
0.1514943391084671
0.16690823435783386
0.16893504559993744
0.16908439993858337
0.1747639775276184
0.16554740071296692
0.15596631169319153
0.14493300020694733
0.14062005281448364
0.14413981139659882
0.14507287740707397
0.15034119784832
0.15843640267848969
0.16486652195453644
0.1660461723804474
0.16153858602046967
0.1647210270166397
0.18101340532302856
0.19962242245674133
0.22328214347362518
0.2381705492734909
0.2571706473827362
0.28162288665771484
0.29758232831954956
0.3028847873210907
0.3265899419784546
0.33371204137802124
0.34079045057296753
0.3570716381072998
0.36555540561676025
0.3676804304122925
0.3607470691204071
0.3445248603820801
0.33523091673851013
0.31351667642593384
0.3030467629432678
0.3050004243850708
0.29505661129951477
0.290871798992157
0.2818375527858734
0.27478641271591187
0.2817772626876831
