0.03688332811
0.0302099324763
0.0365017540753
0.038233153522
0.037964195013
0.0365139357746
0.0344413332641
0.0321414247155
0.0300250686705
0.0283410772681
0.0265386886895
0.0245192162693
0.0224998611957
0.0205002129078
0.0186331756413
0.0170486103743
0.0150320455432
0.0133281406015
0.0120416041464
0.0107450336218
0.00953014940023
0.00863181054592
0.00781801715493
0.00704042939469
0.00666083628312
0.00646412232891
0.00645192479715
0.00616489211097
0.00562761118636
0.00507934438065
0.00480202073231
0.00483500165865
0.00503124902025
0.00525566237047
0.00553326262161
0.00601534871385
0.00694765755907
0.00754011003301
0.00711370864883
0.00667143473402
0.00661402428523
0.00655857706442
0.00609779870138
0.00538981100544
0.00488015031442
0.00451435567811
0.00429251929745
0.00444046361372
0.00458926195279
0.00514846900478
0.00542928976938
0.00592853082344
0.00676685897633
0.00776704447344
0.00851584225893
0.00908281840384
0.00884693674743
0.00858993455768
0.00824726372957
0.00767394108698
0.007336308714
0.00656466791406
0.00568450195715
0.00484218308702
0.0042644101195
0.00423876615241
0.00446918839589
0.00443861493841
0.00398469762877
0.00292917340994
0.00200034957379
0.00102803483605
0.000104843638837
-0.000564344227314
-0.00125299044885
-0.00183796021156
-0.00226302002557
-0.00251404778101
-0.00254788761958
-0.00244319764897
-0.00209007947706
-0.00153684942052
-0.00128946569748
-0.00128879630938
-0.00137627497315
-0.00110696651973
-8.3839520812e-05
0.00121127208695
0.00274177920073
0.00428032549098
0.00491456361488
0.00481344154105
0.00423977291211
0.0035523227416
0.00308429403231
0.00292346067727
0.00307275680825
0.00390426022932
0.00480027357116
0.00493331300095
0.00473989313468
0.00403387891129
0.00340474350378
0.00296036433429
0.00287512410432
0.00308728730306
0.00347878178582
0.00327426148579
0.00266932882369
0.00247613061219
0.00196029245853
0.00175551045686
0.00231007672846
0.00297046033666
0.00339818606153
0.00402752822265
0.00583650125191
0.00801418721676
0.00961171649396
0.0108448080719
0.011774148792
0.012802483514
0.0141696296632
0.0151162091643
0.0154206752777
0.0158165767789
0.015814602375
0.0157913882285
0.0159528981894
0.0157433003187
0.0150727238506
0.013922771439
0.0131843239069
0.0127998925745
0.0116623714566
0.0109732802957
0.0100177396089
0.00876697525382
0.0074033816345
0.00654777185991
0.00541508151218
0.0047153015621
0.00415100296959
0.00306485081092
0.00205571297556
0.00172818871215
0.0014903373085
0.00177307846025
0.00206657219678
0.00247970735654
0.00308639416471
0.00390238733962
0.0050208508037
0.00618349155411
0.00769834639505
0.00897482782602
0.0105847418308
0.0129179414362
0.0152932628989
0.0174201317132
0.0191668942571
0.0213947240263
0.0236519668251
0.0257309153676
0.027095515281
0.0280486047268
0.0283059068024
0.0280574560165
0.026929166168
0.0261469520628
0.0252095516771
0.024772470817
0.0245311092585
0.0243013054132
0.0244738142937
0.024776769802
0.0248253475875
0.0250798109919
0.0250459425151
0.0248542856425
0.0249879658222
0.02533499524
0.0259401593357
0.0265832804143
0.0271542221308
0.0281188935041
0.0295816063881
0.0315756909549
0.0335640795529
0.0351790040731
0.0364538878202
0.0374317988753
0.0375986211002
0.0377686731517
0.0379367619753
0.0380581282079
0.0383728966117
0.0389326550066
0.0394297875464
0.0401943325996
0.0407601296902
0.0415601469576
0.0422875285149
0.0432439744473
0.0441591255367
0.0452982261777
0.0465147234499
0.0475470386446
0.0482292510569
0.049148991704
0.0501353926957
0.0513724274933
0.0530107617378
0.0543310046196
0.0554630719125
0.0564128383994
0.0576420202851
0.0593737438321
0.0607897564769
0.0622044578195
0.0640451386571
0.066031254828
0.0683111846447
0.0704667344689
0.0727711543441
0.0756443366408
0.0785927250981
0.0808680206537
0.0825420469046
0.0839985087514
0.0857455432415
0.0871715992689
0.0881900116801
0.0887433215976
0.0884962826967
0.0881754308939
0.0885493010283
0.0890846475959
0.0891932621598
0.0895221307874
0.0905739590526
0.0915904268622
0.0920600518584
0.0923267006874
0.0919582247734
0.0905123502016
0.0890075936913
0.0872820392251
0.0858583375812
0.0843934118748
0.0826009660959
0.081249050796
0.0795306712389
0.0785126388073
0.0780496299267
0.0773501843214
0.0760617554188
0.0741054788232
0.0721146911383
0.0698418021202
0.0681898966432
0.0677075088024
0.0670473203063
0.0667941719294
0.066741771996
0.0663544163108
0.0673347637057
0.0696658119559
0.0719443485141
0.0737186521292
0.0750635936856
0.076197847724
0.0772764459252
0.0779998749495
0.0791686549783
0.0804202035069
0.0808982104063
0.0815742760897
0.0826854482293
0.0841437280178
0.0853800699115
0.0855462253094
0.0850744843483
0.0852058678865
0.085833273828
0.0869696065784
0.0880073606968
0.0892814770341
0.0899986624718
0.0906458795071
0.0919077768922
0.0938201993704
0.0958038046956
0.0973791107535
0.0986999124289
0.0994786024094
0.0997739508748
0.100447192788
0.101248264313
0.101224981248
0.100425764918
0.0998045280576
0.0995110943913
0.0995578542352
0.0992446541786
0.0987261906266
0.0977375134826
0.0970693081617
0.0970338881016
0.0967883169651
0.096289999783
0.0949877202511
0.0939716845751
0.0930502042174
0.0934122502804
0.0942794978619
0.0948808342218
0.0949552804232
0.0946966856718
0.0947536230087
0.0947472378612
0.0939048081636
0.0928098931909
0.0925935730338
0.093441106379
0.0950093641877
0.0959293544292
0.0960162654519
0.0955771878362
0.0951683446765
0.0946556851268
0.0937235429883
0.092120103538
0.0913515165448
0.091837964952
0.0924931541085
0.0921392664313
0.0905891433358
0.0886904224753
0.0867666527629
0.0849090442061
0.0832281708717
0.0821028053761
0.0823139771819
0.0837251469493
0.0850282609463
0.0853201374412
0.0856646671891
0.0862828344107
0.0866270214319
0.0866818577051
0.0866062641144
0.0868955403566
0.0876810178161
0.0884604305029
0.0889099761844
0.0891299620271
0.0894536823034
0.0893182605505
0.0887932106853
0.0888537690043
0.0893654599786
0.0898543968797
0.0897758752108
0.0891913026571
0.0888326913118
0.0892712548375
0.0899929776788
0.0912472307682
0.0930325016379
0.095131278038
0.0967261567712
0.0973428487778
0.0977082848549
0.0976981893182
0.097595103085
0.0974762290716
0.0972781777382
0.0970115885139
0.0958789214492
0.0943773537874
0.092845402658
0.0915425643325
0.0903526544571
0.0890107527375
0.0876191332936
0.0860749259591
0.0844978243113
0.083312176168
0.082074791193
0.080438375473
0.0797854438424
0.0803462341428
0.080786280334
0.0813824832439
0.082564137876
0.0834440290928
0.0841333568096
0.0854531675577
0.0868760123849
0.0879494473338
0.0888076722622
0.0893415957689
0.0895498543978
0.0894873812795
0.0890108048916
0.0882016718388
0.086919888854
0.085566714406
0.084510229528
0.0832290202379
0.0819554850459
0.0810725837946
0.0804472714663
0.0799250751734
0.0800435319543
0.0808609351516
0.0820446461439
0.0836490467191
0.084989823401
0.0854221731424
0.0859107300639
0.0870601460338
0.0881749689579
0.0894235521555
0.0908133611083
0.0923523753881
0.0935420915484
0.0945517644286
0.0952741503716
0.0956924632192
0.0961609557271
0.0968474000692
0.0980831235647
0.0997444391251
0.101753525436
0.103417299688
0.104445785284
0.105224952102
0.105746142566
0.106017298996
0.106283679605
0.106425307691
0.106121502817
0.10597255826
0.105736158788
0.105292096734
0.105238445103
0.105092085898
0.104962453246
0.104798525572
0.104620859027
0.10431919992
0.104298822582
0.104305095971
0.104292050004
0.104091584682
0.103710874915
0.103187404573
0.102623946965
0.101937524974
0.10126350075
0.100075125694
0.0988701209426
