0
-9.0781e-17
-1.8783e-16
-2.5065e-16
-9.8677e-17
-2.068e-16
-1.7157e-16
-2.3759e-16
-1.7621e-16
-2.0354e-16
-2.0165e-16
-2.3052e-16
-1.975e-16
-6.079e-17
-6.1014e-17
-1.1907e-16
-1.8839e-16
-6.5421e-17
-7.0884e-17
-7.4299e-17
-1.4988e-16
-1.2874e-16
-1.8066e-16
-1.7637e-16
-1.7945e-16
-1.146e-16
-1.9233e-16
-2.6434e-16
1.1296e-17
-3.7037e-16
-3.2476e-17
-3.6404e-17
-1.5235e-16
-9.6281e-17
-1.0994e-16
-2.842e-16
-6.8303e-17
-4.1233e-17
4.3024e-18
2.7081e-16
4.0629e-16
2.7278e-16
3.501e-16
2.2943e-16
2.2254e-16
2.5152e-16
2.3662e-16
2.0415e-16
3.4684e-16
2.0395e-16
2.0718e-16
2.1116e-16
3.5685e-16
3.344e-16
3.3688e-16
-8.5873e-18
-4.3619e-17
-1.247e-17
-1.4641e-17
-1.6307e-16
-1.6072e-16
-1.565e-16
-2.4535e-18
-1.4446e-16
9.9433e-18
1.4163e-17
1.6057e-17
3.616e-16
2.4261e-16
2.3761e-16
3.4653e-16
2.2251e-16
2.1461e-16
2.0796e-16
-1.7513e-16
-2.8082e-17
-1.7471e-16
-2.0895e-17
-1.6084e-16
-2.4523e-18
-1.4129e-16
1.4673e-17
1.907e-17
-3.4618e-16
1.7804e-17
-1.6853e-16
8.0101e-18
3.6978e-18
-2.1722e-16
-1.1568e-18
-1.936e-18
-2.1912e-16
4.1858e-19
-1.4609e-16
-1.4392e-16
2.3682e-16
2.3834e-16
3.5515e-16
2.3832e-16
2.3454e-16
-3.6593e-05
-0.00025251
-0.00050481
-0.00075651
-0.0010055
-0.0012481
-0.0015669
-0.0019868
-0.0023973
-0.0027887
-0.0031591
-0.003507
-0.0039598
-0.0044333
-0.0048849
-0.0053155
-0.005725
-0.0061437
-0.0066308
-0.0071106
-0.0075672
-0.0079997
-0.0084069
-0.0088389
-0.009299
-0.0099289
-0.010838
-0.01172
-0.012576
-0.013459
-0.014325
-0.015441
-0.016614
-0.017728
-0.018794
-0.019828
-0.020833
-0.022076
-0.023251
-0.024362
-0.025427
-0.026445
-0.027519
-0.02868
-0.029777
-0.030809
-0.031787
-0.032704
-0.033709
-0.03472
-0.035958
-0.037306
-0.03859
-0.039824
-0.041119
-0.04241
-0.043895
-0.045374
-0.046734
-0.048046
-0.049315
-0.050612
-0.05202
-0.05333
-0.054548
-0.055723
-0.056837
-0.058019
-0.059208
-0.060307
-0.061321
-0.062276
-0.063177
-0.064128
-0.065068
-0.066285
-0.067504
-0.068645
-0.069749
-0.070865
-0.072015
-0.07332
-0.074669
-0.075793
-0.07687
-0.077874
-0.07896
-0.08008
-0.081093
-0.082013
-0.082877
-0.083672
-0.084573
-0.085429
-0.086192
-0.086872
-0.087484
-0.088058
-0.088669
-0.089242
-0.090184
-0.091044
-0.091821
-0.092582
-0.093329
-0.094126
-0.095147
-0.096104
-0.096849
-0.097569
-0.098206
-0.098949
-0.099698
-0.10034
-0.1009
-0.1014
-0.10182
-0.1024
-0.1029
-0.10331
-0.10364
-0.10391
-0.10413
-0.10442
-0.10473
-0.10529
-0.10582
-0.10627
-0.10671
-0.10713
-0.10762
-0.10839
-0.10898
-0.10943
-0.10984
-0.1102
-0.11064
-0.1111
-0.11146
-0.11173
-0.11197
-0.11215
-0.11243
-0.11267
-0.11282
-0.11291
-0.11293
-0.11291
-0.11296
-0.11302
-0.11334
-0.11364
-0.11387
-0.11409
-0.11431
-0.11459
-0.11501
-0.11552
-0.11577
-0.11599
-0.11615
-0.11639
-0.11668
-0.11688
-0.11699
-0.11705
-0.11705
-0.11717
-0.11726
-0.11726
-0.1172
-0.11708
-0.11692
-0.11682
-0.11667
-0.11688
-0.11706
-0.11717
-0.11726
-0.11736
-0.11744
-0.11784
-0.11819
-0.11834
-0.11846
-0.11853
-0.11863
-0.11883
-0.11895
-0.11897
-0.11896
-0.11888
-0.11888
-0.1189
-0.11885
-0.11873
-0.11854
-0.11829
-0.11813
-0.11792
-0.11764
-0.11728
-0.11686
-0.11638
-0.11598
-0.11551
-0.11498
-0.11448
-0.11387
-0.1132
-0.11255
-0.11185
-0.11109
-0.11029
-0.10944
-0.10857
-0.1077
-0.10678
-0.10583
-0.10485
-0.10383
-0.1028
-0.10176
-0.10069
-0.099592
-0.09847
-0.097324
-0.096165
-0.094987
-0.09379
-0.092575
-0.091346
-0.090104
-0.088908
-0.087641
-0.086366
-0.085083
-0.083794
-0.082499
-0.0812
-0.079898
-0.078594
-0.07729
-0.075986
-0.074684
-0.073384
-0.072089
-0.070797
-0.069511
-0.068231
-0.066956
-0.065689
-0.064429
