-0.0012691359734162688
0.00748683325946331
-0.0012691359734162688
-0.0012691359734162688
0.005741186905652285
-0.0012691359734162688
-0.0012691359734162688
-0.0012691359734162688
-0.0012691359734162688
-0.0012691359734162688
-0.0012691359734162688
0.004494610708206892
0.0050748009234666824
0.006372853182256222
0.0037639595102518797
0.0016031555132940412
-0.0012691359734162688
-0.0012691359734162688
-0.0012691359734162688
-0.0012691359734162688
-0.0012691359734162688
-0.0012691359734162688
-0.0012691359734162688
-0.0012691359734162688
-0.0012691359734162688
-0.0012691359734162688
0.002589052077382803
-0.0012691359734162688
0.0013593598268926144
0.0005543265724554658
-3.931531682610512e-05
0.000985697959549725
-0.0012691359734162688
-0.0012691359734162688
-0.0012691359734162688
-0.0012691359734162688
-0.0012691359734162688
0.0025655291974544525
-0.0009153084247373044
-0.0012691359734162688
0.003269261447712779
0.006021492648869753
0.00480656698346138
0.0033416796941310167
0.004442120902240276
0.0008457174408249557
-0.0012691359734162688
-0.0012691359734162688
-0.0012691359734162688
-0.0012691359734162688
-0.0012691359734162688
-0.0012691359734162688
-0.0012691359734162688
-0.001198932877741754
0.00041417672764509916
0.00021421117708086967
0.0002001752145588398
0.002881901105865836
0.004555482883006334
0.008115952834486961
0.00475154398009181
-0.0005103645962662995
0.0019551001023501158
-0.0009843874722719193
-0.0012691359734162688
-0.0012691359734162688
-0.0012691359734162688
-0.0012691359734162688
-0.0012691359734162688
-0.0012691359734162688
-0.0012691359734162688
-0.0012691359734162688
-0.0012691359734162688
0.009003917686641216
-0.0012691359734162688
-0.0012691359734162688
-0.0012691359734162688
-0.0012691359734162688
-0.0012691359734162688
-0.0012691359734162688
-0.0012691359734162688
-0.0012691359734162688
-0.0012691359734162688
-0.0012691359734162688
-0.0012691359734162688
-0.0012691359734162688
-0.0012691359734162688
-0.0012691359734162688
-0.0012691359734162688
-0.0012691359734162688
-0.0012691359734162688
-0.0012691359734162688
-0.0012691359734162688
0.00916070956736803
0.008700373582541943
0.01049089152365923
0.009845231659710407
0.005347433965653181
0.008109083399176598
0.008481227792799473
0.009378457441926003
-0.0012691359734162688
-0.0012691359734162688
-0.0012691359734162688
-0.0012691359734162688
-0.0012691359734162688
-0.0012691359734162688
-0.0012691359734162688
-0.0012691359734162688
-0.0012691359734162688
-0.0012691359734162688
-0.0012691359734162688
-0.0012691359734162688
-0.0012691359734162688
-0.0012691359734162688
-0.0012691359734162688
0.00921604409813881
-0.0012691359734162688
-0.0012691359734162688
-0.0012691359734162688
-0.0012691359734162688
-0.0012691359734162688
-0.0012691359734162688
-0.0012691359734162688
0.012491336092352867
0.01572619564831257
0.01383484061807394
-0.0012691359734162688
0.0006152627756819129
0.00818587001413107
0.013236483559012413
0.008845966309309006
-0.0012691359734162688
-0.0012691359734162688
0.008381064049899578
-0.0012691359734162688
-0.0012691359734162688
-0.0012691359734162688
-0.0012691359734162688
-0.0012691359734162688
-0.0012691359734162688
-0.0012691359734162688
0.010907839983701706
-0.0012691359734162688
-0.0012691359734162688
-0.0012691359734162688
-0.0012691359734162688
-0.0012691359734162688
-0.0012691359734162688
-0.0012691359734162688
-0.0012691359734162688
-0.0012691359734162688
-0.0012691359734162688
-0.0012691359734162688
-0.0012691359734162688
-0.0012691359734162688
-0.0012691359734162688
-0.0012691359734162688
-0.0012691359734162688
-0.0012691359734162688
-0.0012691359734162688
-0.0012691359734162688
-0.0012691359734162688
-0.0012691359734162688
0.011239285580813885
-0.0012691359734162688
-0.0012691359734162688
-0.0012691359734162688
-0.0012691359734162688
-0.0012691359734162688
-0.0012691359734162688
-0.0012691359734162688
-0.0012691359734162688
-0.0012691359734162688
-0.0012691359734162688
-0.0012691359734162688
-0.0012691359734162688
-0.0012691359734162688
-0.0012691359734162688
-0.0012691359734162688
-0.0012691359734162688
-0.0012691359734162688
-0.0012691359734162688
-0.0012691359734162688
-0.0012691359734162688
-0.0012691359734162688
-0.0012691359734162688
-0.0012691359734162688
-0.0012691359734162688
-0.0012691359734162688
-0.0012691359734162688
-0.0012691359734162688
-0.0012691359734162688
-0.0012691359734162688
-0.0012691359734162688
-0.0012691359734162688
-0.005978374741971493
-0.005974610336124897
-0.0012691359734162688
-0.0012691359734162688
-0.0040525346994400024
-0.0012691359734162688
-0.0012691359734162688
-0.005222629755735397
-0.0012691359734162688
-0.0018285387195646763
-0.004663613624870777
-0.0012691359734162688
-0.00588159030303359
-0.0012691359734162688
-0.0012691359734162688
-0.007081268355250359
-0.006126092281192541
-0.00878250040113926
-0.00898177269846201
-0.008730419911444187
-0.00946185551583767
-0.010236011818051338
-0.009628938511013985
-0.011576336808502674
-0.01094272080808878
-0.010424359701573849
-0.011196738108992577
-0.009577221237123013
-0.012271088548004627
-0.011538404040038586
-0.01143859513103962
-0.0116215068846941
-0.0113312266767025
-0.011655064299702644
-0.01113932952284813
-0.012437257915735245
-0.011825567111372948
-0.012940913438796997
-0.012997590005397797
-0.012914466671645641
-0.015316096134483814
-0.01500185951590538
-0.015386214479804039
-0.01383329089730978
-0.013882092200219631
-0.012952575460076332
-0.01312204822897911
-0.012695812620222569
-0.01267499104142189
-0.012303234077990055
-0.01279699057340622
-0.011786116287112236
-0.01119592972099781
-0.01062909048050642
-0.011618142947554588
-0.012119528837502003
-0.010751414112746716
-0.007267664652317762
-0.010756966657936573
-0.011399558745324612
-0.010551930405199528
-0.01345115527510643
-0.013256842270493507
-0.010883708484470844
-0.011369156651198864
-0.01294497400522232
-0.01261591725051403
-0.014723597094416618
-0.013403558172285557
-0.012809675186872482
-0.016207022592425346
-0.012943847104907036
-0.01299104280769825
-0.013414248824119568
-0.013751274906098843
-0.012889379635453224
-0.013252006843686104
-0.01320730708539486
-0.013766215182840824
-0.014450829476118088
-0.012358305044472218
-0.012042142450809479
-0.013432876206934452
-0.014144659973680973
-0.014172283001244068
-0.013235856778919697
-0.012996122241020203
-0.012911343015730381
-0.012776187621057034
-0.01267390139400959
-0.011761466041207314
-0.01251285057514906
-0.01218913309276104
-0.012890588492155075
-0.012604427523911
-0.011877546086907387
-0.010935167782008648
-0.012258549220860004
-0.012690641917288303
-0.012846365571022034
-0.012210131622850895
-0.011840670369565487
-0.01150163821876049
-0.012729174457490444
-0.012712275609374046
-0.012999537400901318
-0.012978881597518921
-0.00971367210149765
-0.0102588115260005
0.014882625080645084
0.01819908618927002
0.013930806890130043
-0.0012691359734162688
-0.00853886641561985
-0.011088546365499496
-0.010823524557054043
-0.01017761416733265
-0.011065193451941013
-0.011674338951706886
-0.011132326908409595
-0.011730475351214409
-0.011923331767320633
-0.01119556836783886
-0.010485048405826092
-0.010439151898026466
-0.010425801388919353
-0.008052819408476353
-0.008214248344302177
-0.00871280487626791
-0.008840136229991913
-0.008441397920250893
-0.008817052468657494
-0.0012691359734162688
-0.005842096172273159
-0.0057076141238212585
-0.0012691359734162688
-0.0012691359734162688
-0.0012691359734162688
-0.0056284349411726
-0.0036128214560449123
-0.0077295927330851555
-0.008279328234493732
-0.008894935250282288
-0.009365305304527283
-0.007478947285562754
-0.007044989615678787
-0.008033579215407372
-0.005495578981935978
-0.006805026903748512
-0.0023740085307508707
-0.0035194666124880314
-0.004227185621857643
-0.003236262360587716
-0.003374309279024601
-0.0012691359734162688
-0.0014084085123613477
-0.0012691359734162688
