0.06836795806884766
0.06596384942531586
0.0630803033709526
0.059621281921863556
0.05667977035045624
0.05444371700286865
0.0510261170566082
0.04724302515387535
0.042920567095279694
0.03951248526573181
0.036061689257621765
0.03295185789465904
0.030633248388767242
0.02652362361550331
0.023867597803473473
0.021069755777716637
0.022669140249490738
0.024541687220335007
0.026911456137895584
0.02965586446225643
0.029893120750784874
0.028500713407993317
0.023737622424960136
0.020928682759404182
0.018656542524695396
0.01680455356836319
0.017065949738025665
0.015994198620319366
0.01242554560303688
0.010053555481135845
0.005650376435369253
0.0029283149633556604
-0.00023029239673633128
-0.001242868835106492
-0.0025766370818018913
-0.0024055654648691416
-0.0001549336448078975
0.00200284318998456
0.005890545900911093
0.011824711225926876
0.016743775457143784
0.022138843312859535
0.028573889285326004
0.031122786924242973
0.03660357743501663
0.03862419351935387
0.04076361656188965
0.04448666796088219
0.04463016614317894
0.04702237620949745
0.05054709315299988
0.05239987373352051
0.05608001723885536
0.059809353202581406
0.0649108961224556
0.07030528783798218
0.07439804822206497
0.07636763900518417
0.07571297883987427
0.07292172312736511
0.07254480570554733
0.0728396326303482
0.07080266624689102
0.06870945543050766
0.06773065775632858
0.06887190043926239
0.06969699263572693
0.06826478987932205
0.06490520387887955
0.05980617180466652
0.05315414071083069
0.04314536973834038
0.0314110592007637
0.018788985908031464
0.006884679198265076
-0.00413425313308835
-0.009062191471457481
-0.011858455836772919
-0.012239336036145687
-0.012646270915865898
-0.012621031142771244
-0.011447270400822163
-0.010854648426175117
-0.010593494400382042
-0.0075906445272266865
-0.004049584735184908
0.00067783088888973
0.005631209351122379
0.013147617690265179
0.015372185967862606
0.01974020153284073
0.02487262524664402
0.02906879223883152
0.03035818785429001
0.030145997181534767
0.030480897054076195
0.03193928673863411
0.03226605802774429
0.028431154787540436
0.026198899373412132
0.021520012989640236
0.019656600430607796
0.019091246649622917
0.019325202330946922
0.020207243040204048
0.024822810664772987
0.02024778351187706
0.015500592067837715
0.012788401916623116
0.009237886406481266
0.005442487075924873
0.002612231532111764
0.0013401058968156576
0.002408523578196764
-0.0005856901407241821
-0.006048352457582951
-0.005796246230602264
-0.008577845059335232
-0.012561525218188763
-0.015386825427412987
-0.020860232412815094
-0.022030165418982506
-0.017182622104883194
-0.015096544288098812
-0.012631792575120926
-0.008666979148983955
-0.00041404360672459006
0.010122042149305344
0.023378482088446617
0.033373888581991196
0.04246310517191887
0.050725553184747696
0.053234800696372986
0.05689190328121185
0.057670384645462036
0.057282377034425735
0.05192192643880844
0.04674014076590538
0.045392442494630814
0.044316377490758896
0.04609892889857292
0.042720820754766464
0.04465911537408829
0.043596524745225906
0.04642622172832489
0.043259147554636
0.03928714618086815
0.04128361493349075
0.04067046940326691
0.04271196573972702
0.04151047021150589
0.0417332723736763
0.04005890712141991
0.03278811648488045
0.029091430827975273
0.02104673534631729
0.02230496145784855
0.01711679995059967
0.013524108566343784
0.013271008618175983
0.010100197978317738
0.010036780498921871
0.010542690753936768
0.01318048033863306
0.00973741989582777
0.007878614589571953
0.0002072784409392625
-0.007915589958429337
-0.018828269094228745
-0.03121062181890011
-0.03241225332021713
-0.03509955480694771
-0.03624332323670387
-0.042696885764598846
-0.039769310504198074
-0.045395176857709885
-0.04489539936184883
-0.040233712643384933
-0.03660748153924942
-0.03278545290231705
-0.027075093239545822
-0.025486554950475693
-0.022259049117565155
-0.0209793783724308
-0.013105456717312336
-0.009152965620160103
-0.008207197301089764
-0.005617959890514612
-0.010080809704959393
-0.01861940696835518
-0.02059604786336422
-0.024039847776293755
-0.026281412690877914
-0.026749413460493088
-0.023734699934720993
-0.023810259997844696
-0.018195603042840958
-0.008843941614031792
-0.000794344930909574
0.003822513623163104
0.005339931230992079
-0.0018964416813105345
-0.007691080681979656
-0.010994931682944298
-0.016995897516608238
-0.018207719549536705
-0.02088797092437744
-0.024541443213820457
-0.02317488007247448
-0.02467367798089981
-0.0344071164727211
-0.03909830003976822
-0.04520951211452484
-0.044054966419935226
-0.0487719401717186
-0.04848874360322952
-0.04535889998078346
-0.04431299865245819
-0.04125090688467026
-0.034944213926792145
-0.02943151816725731
-0.02527361363172531
-0.022721577435731888
-0.024209193885326385
-0.025708047673106194
-0.028299542143940926
-0.03208036348223686
-0.03634976968169212
-0.037985529750585556
-0.0378146767616272
-0.03892972320318222
-0.034725841134786606
-0.03462110087275505
-0.02782345749437809
-0.017366379499435425
-0.014205318875610828
-0.004992143716663122
0.00107286567799747
0.006423816550523043
0.008692475967109203
0.009903406724333763
0.010917997919023037
0.012868208810687065
0.013089606538414955
0.01466031838208437
0.017280319705605507
0.020497657358646393
0.022215956822037697
0.02769596315920353
0.03274979069828987
0.0352630540728569
0.0372353121638298
0.03414390981197357
0.03504101559519768
0.029380785301327705
0.03259215131402016
0.030528390780091286
0.02739599160850048
0.02601243183016777
0.024049077183008194
0.028200889006257057
0.02696414850652218
0.02421322837471962
0.01976640708744526
0.017083287239074707
0.014228940941393375
0.01363822165876627
0.013451150618493557
0.010904687456786633
0.009706908836960793
0.009423060342669487
0.010711592622101307
0.007909241132438183
0.002428492996841669
-0.0027001001872122288
-0.006943055894225836
-0.011250928975641727
-0.011772668920457363
-0.010918199084699154
-0.011556478217244148
-0.009973520413041115
-0.010661719366908073
-0.0073111471720039845
-0.002162126125767827
0.0016612333711236715
0.007676800712943077
0.007370528299361467
0.009745377115905285
0.011076262220740318
0.01064396183937788
0.004709344822913408
-0.0027186311781406403
-0.00874186959117651
-0.010623245500028133
-0.011196858249604702
-0.009604236111044884
-0.005479450337588787
-0.004937590565532446
-0.0024148544762283564
-0.005027737468481064
-0.00471993675455451
-0.0036190967075526714
0.001864830031991005
0.004174656234681606
0.004193093162029982
0.005584072321653366
0.0023987104650586843
0.001716703176498413
0.0023804293014109135
0.007498417515307665
0.00751860486343503
0.01066443882882595
0.013669456355273724
0.01406341977417469
0.016103891655802727
0.0160960853099823
0.019802726805210114
0.023739492520689964
0.026633646339178085
0.032718900591135025
0.03798792138695717
0.048308245837688446
0.055615317076444626
0.06038138270378113
0.0627625584602356
0.06633725017309189
0.06380920112133026
0.06292209774255753
0.06140746548771858
0.06001628190279007
0.059974122792482376
0.06053536385297775
0.06107177212834358
0.06042129546403885
0.058957718312740326
0.06154504045844078
0.06077174097299576
0.06446855515241623
0.0674213394522667
0.0707487091422081
0.07183515280485153
0.07253174483776093
0.07337425649166107
0.07175958156585693
0.07061696797609329
0.06919094175100327
0.06995604932308197
0.06800061464309692
0.06703907996416092
0.06603153795003891
0.06525159627199173
0.06247665733098984
0.0625239908695221
