-0.033516895026
-0.027320638299
-0.0116792423651
-0.00638974783942
-0.00134702352807
0.00206684134901
0.00424363510683
0.00674913404509
0.00966911017895
0.0133555978537
0.0149882715195
0.0158305689692
0.0159450303763
0.0174676664174
0.0201080739498
0.0224670860916
0.0226659812033
0.0212845690548
0.0187527015805
0.0187125019729
0.0189329292625
0.0168024040759
0.013990405947
0.0116193369031
0.0100090745836
0.00955018401146
0.00918176956475
0.00945626944304
0.0108123347163
0.0115938037634
0.0111641660333
0.00935914926231
0.0060770236887
0.0042270119302
0.00263007683679
0.00226646056399
0.00299452012405
0.00364592159167
0.00382518162951
0.00448600715026
0.00514884712175
0.00490231765434
0.00349745480344
0.00145639386028
0.000258459709585
0.000247023999691
0.00225443672389
0.00462078256533
0.00652460148558
0.00835418701172
0.00930520147085
0.00979399867356
0.00946207530797
0.00937456823885
0.0101741533726
0.0118755083531
0.0142874829471
0.0183488670737
0.0236508212984
0.027267485857
0.0290224216878
0.0286393091083
0.0274201966822
0.0263808649033
0.0252080131322
0.0243436768651
0.0235574636608
0.0213227830827
0.0175916589797
0.0144575443119
0.0114407800138
0.00851375237107
0.00573106529191
0.00227849371731
0.000942897517234
0.000369315501302
0.000639643985778
0.000598855316639
0.00178214209154
0.00248578190804
0.00278599979356
0.00225401576608
0.00157729536295
0.00154465902597
0.00246535008773
0.00448101153597
0.00699961790815
0.00887552276254
0.0107964854687
0.0138207785785
0.0167457330972
0.0184498224407
0.0197630301118
0.0206023920327
0.0222158748657
0.0232274606824
0.0240059494972
0.025247650221
0.0261124037206
0.0258947145194
0.025914426893
0.0216527096927
0.0167844872922
0.0160704683512
0.0163490492851
0.0164325386286
0.0178794190288
0.0200448483229
0.0232404414564
0.025208234787
0.025592777878
0.0266784206033
0.0274445749819
0.0268623195589
0.0258814748377
0.0247706007212
0.0245648138225
0.0248563028872
0.0246387477964
0.023742672056
0.0237005911767
0.0250092484057
0.0273235626519
0.0307192243636
0.035666693002
0.0395404212177
0.0416862405837
0.043528392911
0.0453369170427
0.0460720062256
0.0460813939571
0.0458950921893
0.0451309159398
0.0440897531807
0.0430704504251
0.0423758551478
0.0419298633933
0.0415439866483
0.0408657714725
0.0395047627389
0.038046207279
0.0361772812903
0.0336417816579
0.0300972759724
0.0260209161788
0.0155057553202
0.0100241657346
0.0131357964128
0.0149477552623
0.0146585125476
0.0145383104682
0.0146392006427
0.0145413745195
0.0143951829523
0.0150556713343
0.0159700457007
0.0174534004182
0.0187305249274
0.0194710046053
0.0200560539961
0.0205300487578
0.0205721687526
0.0205790083855
0.0202428214252
0.0198050811887
0.0194132272154
0.0188763719052
0.0180836319923
0.0170273017138
0.0164496321231
0.0162642672658
0.0161470826715
0.0158680267632
0.0157330539078
0.0151997469366
0.0147651862353
0.0139818210155
0.0129562038928
0.0119925495237
0.011116951704
0.00984421186149
0.00803470984101
0.00602158950642
0.00366876134649
0.00139760551974
-0.000193245243281
-0.00158652500249
-0.0029256879352
-0.00451639620587
-0.00596610084176
-0.00705944374204
-0.00708785420284
-0.00742914760485
-0.00751949520782
-0.00750070810318
-0.0072139785625
-0.00709850341082
-0.00581976165995
-0.0031196991913
-0.000423852354288
0.00069622695446
0.00132279517129
0.00127377221361
0.00142193073407
0.00158372242004
0.00189789105207
0.00263370620087
0.00336791248992
0.00400651665404
0.00447674235329
0.00480755278841
0.00504925334826
0.00581946549937
0.00591407110915
0.00566380703822
0.00554599938914
0.00547701353207
0.00578843569383
0.00595749495551
0.00562627753243
0.00451265508309
0.00341680040583
0.00155630940571
-0.000443237833679
-0.00255237100646
-0.00407729204744
-0.00558871030807
-0.00648652855307
-0.00734362471849
-0.00758937653154
-0.00822906754911
-0.00833921227604
-0.00793513376266
-0.00739973410964
-0.00698974169791
-0.00660437624902
-0.00604756874964
-0.0059019299224
-0.00518883764744
-0.00455794204026
-0.00381186930463
-0.00358703080565
-0.00320090050809
-0.00245515047573
-0.00106491474435
0.000431071035564
0.00156849389896
0.00226721633226
0.00268656248227
0.00350084761158
0.0041711111553
0.00531880324706
0.00641614431515
0.00702639156953
0.00694747129455
0.00668228277937
0.00614158017561
0.00762885482982
0.00729478197172
0.00774472439662
0.00804821029305
0.00769813871011
0.00605780025944
0.00368234282359
0.00209463667125
0.000173486769199
-0.00110938656144
-0.00232717953622
-0.00334556819871
-0.00422313157469
-0.00460488814861
-0.00433813594282
-0.00362012768164
-0.0036821262911
-0.00428705243394
-0.00425223540515
-0.00424032239243
-0.00396458664909
-0.00330286193639
-0.00244987406768
-0.00139345694333
-0.000295639503747
0.000520317349583
0.00129541009665
0.00219667842612
0.00346480356529
0.00552579341456
0.00752139510587
0.0086075104773
0.00966376252472
0.0105210635811
0.0114171933383
0.0126035995781
0.0128661729395
0.0126911662519
0.0124287120998
0.0124941281974
0.0125508811325
0.0123195555061
0.0122168362141
0.0118656698614
0.0107967406511
0.00944716110826
0.00733157387003
0.00553499767557
0.00339842168614
0.00203644344583
0.00105685461313
-0.000329740811139
-0.00227058655582
-0.00399396102875
-0.00505253951997
-0.0051760612987
-0.00504459859803
-0.00502954330295
-0.00470776949078
-0.0046264026314
-0.00433955201879
-0.00372884701937
-0.00290045817383
-0.0019962110091
-0.00102475681342
0.000191148370504
0.00166585016996
0.00343861384317
0.0046730353497
0.00614632898942
0.00798899307847
0.0094104912132
0.0109770018607
0.0121078360826
0.0127160511911
0.0135432220995
0.0139666330069
0.0142816547304
0.0145951658487
0.0146893057972
0.0143238976598
0.0143607947975
0.0145026445389
0.0148374978453
0.01478417404
0.0142611376941
0.0131262075156
0.0111370030791
0.00866952911019
0.00583328632638
0.00309694418684
0.000300888437778
-0.00179765489884
-0.00309570436366
-0.00341059919447
-0.00338507839479
