0.020280469208955765
-0.0012691359734162688
-0.0012691359734162688
-0.0012691359734162688
-0.0012691359734162688
-0.0012691359734162688
-0.0012691359734162688
-0.0012691359734162688
-0.0012691359734162688
-0.0012691359734162688
-0.0012691359734162688
-0.0012691359734162688
-0.0012691359734162688
-0.0012691359734162688
0.0045878398232162
0.015025218948721886
0.00832650251686573
0.006044822279363871
-0.0012691359734162688
0.0007859160541556776
-0.0012691359734162688
-0.0012691359734162688
-0.0012691359734162688
-0.0012691359734162688
-0.0012691359734162688
-0.0012691359734162688
-0.0012691359734162688
-0.0012691359734162688
-0.0012691359734162688
-0.0012691359734162688
-0.0012691359734162688
-0.0012691359734162688
-0.0012691359734162688
-0.0012691359734162688
-0.0012691359734162688
-0.0012691359734162688
-0.0012691359734162688
-0.0012691359734162688
-0.0012691359734162688
-0.0012691359734162688
-0.0012691359734162688
-0.0012691359734162688
-0.0012691359734162688
-0.0012691359734162688
-0.0012691359734162688
-0.0012691359734162688
-0.0012691359734162688
-0.0012691359734162688
-0.0012691359734162688
-0.0012691359734162688
-0.0012691359734162688
-0.0012691359734162688
-0.0012691359734162688
-0.0012691359734162688
-0.0012691359734162688
-0.0012691359734162688
-0.0012691359734162688
-0.0012691359734162688
-0.0012691359734162688
0.005048973485827446
-0.0012691359734162688
-0.0012691359734162688
-0.0012691359734162688
-0.0012691359734162688
-0.0012691359734162688
-0.0012691359734162688
-0.0012691359734162688
-0.0012691359734162688
-0.0012691359734162688
-0.0012691359734162688
-0.0012691359734162688
-0.0012691359734162688
-0.0012691359734162688
-0.0008623696048744023
0.002029937691986561
0.005247575230896473
0.006392838899046183
0.0068906378000974655
0.005605618003755808
0.006715219002217054
0.007321363780647516
0.008516675792634487
0.010297762230038643
0.011257210746407509
0.0073606474325060844
0.008222861215472221
0.008460547775030136
0.010129163973033428
0.011144338175654411
0.011972293257713318
0.012682213447988033
0.013219890184700489
0.013899611309170723
0.014206024818122387
0.014400347135961056
0.014231359586119652
0.014157615602016449
0.01436214242130518
0.014708106406033039
0.015513613820075989
0.01419391855597496
0.014016307890415192
0.013978913426399231
0.014321121387183666
0.01905941776931286
0.014707154594361782
0.015152613632380962
0.01562116201967001
0.013959103263914585
0.013870648108422756
0.015179778449237347
0.014963850378990173
0.01567268744111061
0.01716051623225212
0.01627146080136299
0.01680579036474228
0.018284037709236145
0.019295863807201385
0.01839984394609928
0.0189941618591547
0.019899144768714905
0.02083553932607174
0.02109995298087597
0.02029382437467575
0.024864409118890762
0.022922782227396965
0.022830767557024956
0.0223026555031538
0.02300703525543213
0.023653332144021988
0.023163923993706703
0.025025516748428345
0.024307051673531532
0.023179661482572556
0.022945461794734
0.022109564393758774
0.021579034626483917
0.021868061274290085
0.022796910256147385
0.019870886579155922
0.02158707194030285
0.023784855380654335
0.023118650540709496
0.0221300907433033
0.020460234954953194
0.020074665546417236
0.020928936079144478
0.021192537620663643
0.020324500277638435
0.01880214363336563
0.01679677702486515
0.018975282087922096
0.01986408792436123
0.023648452013731003
0.02437935769557953
0.026135088875889778
0.02744489721953869
0.027104444801807404
0.025567676872015
0.02313699945807457
0.02136615291237831
0.01901829242706299
0.017245689406991005
0.01490434817969799
0.014037765562534332
0.014934424310922623
0.01607547327876091
0.014951231889426708
0.015602894127368927
0.01423046924173832
0.014421235769987106
0.013969222083687782
0.013744376599788666
0.013091116212308407
0.01230329368263483
0.011257443577051163
0.010512446984648705
0.010419202037155628
0.008861437439918518
0.009225333109498024
0.009931785985827446
0.009000594727694988
0.006398789584636688
0.005501645617187023
0.006025688722729683
0.0061424002051353455
0.003732699202373624
0.0021957417484372854
0.0030855892691761255
0.002301235683262348
4.915427416563034e-05
-0.0012691359734162688
