0.06430259346961975
0.06486594676971436
0.06593143939971924
0.06529120355844498
0.05547163262963295
0.03786575421690941
0.025817759335041046
0.022712260484695435
0.01969173364341259
0.015483057126402855
0.005899239331483841
-0.001460114261135459
-0.004581525921821594
-0.005784595850855112
-0.0061468021012842655
-0.0024705517571419477
-0.0003593642031773925
0.0004705778555944562
0.0031557350885123014
0.006756382994353771
0.005086509045213461
0.008751839399337769
0.014689972624182701
0.01631539687514305
0.01788635551929474
0.01901237480342388
0.028402462601661682
0.038237668573856354
0.041731446981430054
0.04560144618153572
0.04334404692053795
0.042728547006845474
0.04291410371661186
0.04184011369943619
0.03536900132894516
0.031100990250706673
0.029511960223317146
0.02785598672926426
0.025493353605270386
0.02628483809530735
0.023673569783568382
0.024342643097043037
0.024856343865394592
0.03256132826209068
0.030446119606494904
0.0313437357544899
0.03419799730181694
0.041601184755563736
0.05178293585777283
0.0601937510073185
0.06654656678438187
0.07268426567316055
0.07705454528331757
0.07161817699670792
0.05540020391345024
0.04968695715069771
0.03699388727545738
0.02650749869644642
0.02922002412378788
0.03758401796221733
0.0494181290268898
0.063397116959095
0.07182905822992325
0.0833459123969078
0.09203490614891052
0.10086152702569962
0.10744614899158478
0.11586960405111313
0.12633942067623138
0.1346062272787094
0.14167000353336334
0.14114953577518463
0.1410944014787674
0.14138063788414001
0.1360124796628952
0.13673433661460876
0.14178378880023956
0.148685485124588
0.1556822657585144
0.16569970548152924
0.17161521315574646
0.17983248829841614
0.18399707973003387
0.1909162402153015
0.1919931173324585
0.19062703847885132
0.1929289549589157
0.20229759812355042
0.21035955846309662
0.2220200151205063
0.2284630388021469
0.23245839774608612
0.23472030460834503
0.23073436319828033
0.22936519980430603
0.2243443727493286
0.2196054458618164
0.20986300706863403
0.20391570031642914
0.20136883854866028
0.1959332376718521
0.19961924850940704
0.20048578083515167
0.2069363296031952
0.20249255001544952
0.2004387080669403
0.20196159183979034
0.206963449716568
0.21022088825702667
0.20755283534526825
0.20282690227031708
0.19814105331897736
0.2001880258321762
0.20060206949710846
0.19177491962909698
0.18761354684829712
0.18883617222309113
0.19359685480594635
0.19818001985549927
0.201314777135849
0.20013795793056488
0.20188099145889282
0.20284715294837952
0.20588728785514832
0.20519286394119263
0.20945365726947784
0.21615655720233917
0.22020700573921204
0.21624119579792023
0.20961125195026398
0.20969843864440918
0.21381425857543945
0.22192290425300598
0.2292761206626892
0.23551413416862488
0.24096089601516724
0.24110043048858643
0.23752348124980927
0.2314409464597702
0.23123258352279663
0.22512811422348022
0.22165387868881226
0.22030358016490936
0.215275838971138
0.21100421249866486
0.20031587779521942
0.19344455003738403
0.19683508574962616
0.20409910380840302
0.20286855101585388
0.20178093016147614
0.1977124661207199
0.19754992425441742
0.19267432391643524
0.19196994602680206
0.19369898736476898
0.18778115510940552
0.18994447588920593
0.1913057267665863
0.18682046234607697
0.18560469150543213
0.18378880620002747
0.18456166982650757
0.186905637383461
0.18608945608139038
0.18685953319072723
0.18242983520030975
0.18266861140727997
0.1836308240890503
0.18431854248046875
0.18007074296474457
0.1731935739517212
0.16669055819511414
0.15915833413600922
0.15191712975502014
0.14768759906291962
0.14444437623023987
0.14148274064064026
0.14460431039333344
0.14424610137939453
0.1466621607542038
0.14798524975776672
0.14144936203956604
0.14182740449905396
0.14164038002490997
0.13618718087673187
0.13478396832942963
0.13916242122650146
0.1457415521144867
0.14529858529567719
0.1401268094778061
0.14025871455669403
