0.00191751495004
0.0221545398235
0.0320750176907
0.0397868789732
0.0479544512928
0.0523315258324
0.0525987371802
0.0529148317873
0.050004851073
0.0478775463998
0.0429990105331
0.0385113358498
0.0355963222682
0.0338810235262
0.0298237018287
0.0264915078878
0.0242303945124
0.0222972203046
0.0199004951864
0.0179543737322
0.0180592667311
0.0180177204311
0.0183385144919
0.0179978143424
0.0165897458792
0.0156830046326
0.0156104099005
0.0157637260854
0.0163877103478
0.0169012024999
0.0160585045815
0.0141315218061
0.010897949338
0.00834012590349
0.00727364653721
0.00699200248346
0.00612880894914
0.00459310924634
0.00311200646684
0.00277400156483
0.00127448420972
-0.000471812672913
-0.00121692521498
-0.00108583038673
-0.00129030342214
-0.000976732000709
0.000548725482076
0.00146515807137
0.00155566399917
0.000799734145403
-0.000544044654816
-0.00134891597554
-0.00262702791952
-0.00382479070686
-0.00501458905637
-0.00574526470155
-0.00522239645943
-0.00397886242718
-0.00199287873693
0.00107627082616
0.00496356328949
0.00912315957248
0.0129381641746
0.0160107724369
0.0182653330266
0.0195479094982
0.0191128477454
0.0175291821361
0.0167432278395
0.0161160025746
0.0152948610485
0.0150376465172
0.0149561613798
0.0152738224715
0.0167214926332
0.0183079838753
0.0205985382199
0.0227608736604
0.0251924749464
0.0272723808885
0.0294265672565
0.0310894586146
0.032261159271
0.0331838354468
0.0336302816868
0.0337947718799
0.0343238860369
0.0345563963056
0.0353141576052
0.0358361490071
0.0362666100264
0.0368038713932
0.0373873896897
0.0381357222795
0.0400933101773
0.0425323322415
0.0451794862747
0.0479944646358
0.0508488751948
0.0528446137905
0.0539510436356
0.0544971339405
0.0551504381001
0.055834390223
0.056252412498
0.0564154312015
0.0564696826041
0.0561053454876
0.0558136180043
0.0548004843295
0.0538008287549
0.0535626746714
0.0543955080211
0.0555786527693
0.0572603456676
0.0585454031825
0.0598320439458
0.061452947557
0.0634514391422
0.0654448494315
0.0675281882286
0.0704220533371
0.0718157738447
0.0719480589032
0.0710551664233
0.0698729828
0.0689676553011
0.0690804868937
0.0685902908444
0.0673924162984
0.0665779486299
0.0662940591574
0.0669303387403
0.0675579160452
0.0677264556289
0.0677899867296
0.0681623965502
0.0682690441608
0.0680982619524
0.0688256174326
0.0699721798301
0.0708539113402
0.0717145204544
0.0732991322875
0.0757153704762
0.0776253715158
0.0784474536777
0.0786714851856
0.0791738033295
0.079012490809
0.0790333002806
0.0790281146765
0.0789835378528
0.0787124708295
0.0787773504853
0.0789463371038
0.0784378647804
0.0779843851924
0.0788632258773
0.0804219171405
0.082229450345
0.0829832777381
0.0828629881144
0.0826025605202
0.0819991379976
0.0805213749409
0.0777818262577
0.0754392370582
0.0727680325508
0.0692246183753
0.0660807192326
0.0640894249082
0.0621135011315
0.0596058219671
0.0574038438499
0.0550727285445
0.0528090372682
0.050294905901
0.0485899224877
0.0475837029517
0.0466421470046
0.0456404685974
0.044413279742
0.0432817973197
0.0421131625772
0.0414965860546
0.0411290861666
0.0404943823814
0.0389469303191
0.036779217422
0.034665543586
0.0330213569105
