0
-2.7768e-16
-2.7578e-16
-2.1625e-16
-2.1321e-16
-9.9023e-17
-3.8152e-16
2.4939e-17
-7.9888e-17
-1.6847e-16
3.0165e-17
-3.1124e-16
2.0017e-17
-5.9993e-17
-3.4957e-17
-6.5147e-17
-8.5187e-17
-2.1115e-16
-2.1187e-16
-1.6571e-16
2.3863e-16
2.4275e-16
2.4697e-16
2.4656e-16
2.6037e-16
2.2766e-16
3.3029e-16
2.0281e-16
1.9479e-16
1.9038e-16
1.8966e-16
1.9231e-16
1.9706e-16
2.0244e-16
3.2303e-16
3.2629e-16
2.1178e-16
2.1042e-16
2.0657e-16
2.0232e-16
-3.0889e-17
-3.1716e-17
-3.0436e-17
-2.5854e-17
-1.8012e-17
-8.7212e-18
-1.1646e-19
0.00033644
0.00091393
0.0015545
0.0024451
0.0035094
0.0045979
0.0058189
0.0070828
0.0083151
0.0095714
0.010777
0.011921
0.013043
0.014368
0.016457
0.018584
0.020854
0.023728
0.026514
0.029326
0.032423
0.035293
0.038045
0.040832
0.043319
0.045627
0.047853
0.050552
0.053452
0.056243
0.059458
0.0627
0.065737
0.068997
0.072096
0.074845
0.077625
0.080113
0.082197
0.084214
0.086075
0.088137
0.090544
0.092889
0.095248
0.097773
0.10007
0.10235
0.10459
0.10649
0.10825
0.10986
0.11111
0.11222
0.1133
0.11451
0.11606
0.11772
0.11931
0.12103
0.12257
0.12408
0.12548
0.12657
0.12753
0.12823
0.12862
0.12886
0.12898
0.12979
0.13059
0.13132
0.1324
0.1333
0.1341
0.13503
0.13565
0.13608
0.13644
0.13642
0.1362
0.13584
0.1358
0.13602
0.13626
0.13666
0.13719
0.13757
0.13808
0.13853
0.1387
0.13885
0.13882
0.13846
0.13802
0.13753
0.13716
0.13729
0.13749
0.13765
0.13814
0.13847
0.13877
0.13914
0.13924
0.13919
0.13901
0.13854
0.1379
0.13705
0.13594
0.13477
0.13337
0.13174
0.12999
0.12807
0.12598
0.12378
0.12143
0.11894
0.11634
0.11363
0.11081
0.10792
0.10495
0.10194
0.098913
0.095817
0.092709
0.089596
0.086486
0.083385
0.080296
0.077224
0.074173
0.071146
0.068149
0.065186
0.062276
0.059428
0.05663
0.05389
0.051214
0.048607
0.046073
