0.020280469208955765
-0.0012691359734162688
-0.0012691359734162688
-0.0012691359734162688
-0.0012691359734162688
-0.0012691359734162688
-0.0012691359734162688
-0.0012691359734162688
-0.0012691359734162688
-0.0012691359734162688
-0.0012691359734162688
-0.0012691359734162688
-0.0012691359734162688
-0.0012691359734162688
0.007062921300530434
0.00625017611309886
-0.0012691359734162688
-0.0012691359734162688
-0.0012691359734162688
-0.0012691359734162688
-0.0012691359734162688
0.00252279220148921
0.009639784693717957
-0.0012691359734162688
-0.0012691359734162688
-0.0012691359734162688
-0.0012691359734162688
-0.0012691359734162688
-0.0012691359734162688
-0.0012691359734162688
-0.0012691359734162688
-0.0012691359734162688
-0.0012691359734162688
-0.0012691359734162688
-0.0012691359734162688
-0.0012691359734162688
-0.0012691359734162688
-0.0012691359734162688
-0.0012691359734162688
-0.0012691359734162688
-0.0012691359734162688
-0.0012691359734162688
-0.0012691359734162688
-0.0012691359734162688
-0.0012691359734162688
-0.0012691359734162688
-0.0012691359734162688
-0.0012691359734162688
-0.0012691359734162688
-0.0012691359734162688
-0.0012691359734162688
-0.0012691359734162688
-0.0012691359734162688
-0.0012691359734162688
-0.0012691359734162688
-0.0012691359734162688
-0.0012691359734162688
-0.0012691359734162688
-0.0012691359734162688
0.0023900761734694242
-0.0012691359734162688
-0.0012691359734162688
-0.0012691359734162688
-0.0012691359734162688
-0.0012691359734162688
-0.0012691359734162688
-0.0012691359734162688
-0.0012691359734162688
-0.0012691359734162688
-0.0012691359734162688
-0.0012691359734162688
-0.0012691359734162688
-0.0012691359734162688
-0.0012691359734162688
-0.0012691359734162688
-0.0012691359734162688
-0.0012691359734162688
-0.0012691359734162688
-0.0012691359734162688
-0.0012691359734162688
-0.0012691359734162688
0.0018896296387538314
0.005171214230358601
0.0047237868420779705
0.0015185707015916705
0.002258200431242585
0.003996610641479492
0.005517569370567799
0.007441915106028318
0.011079743504524231
0.01188981905579567
0.010907711461186409
0.01137474738061428
0.012022067792713642
0.012198686599731445
0.012146525084972382
0.01308371126651764
0.013945608399808407
0.013762851245701313
0.01392430067062378
0.013954454101622105
0.014562129974365234
0.016619957983493805
0.01910550519824028
0.018482904881238937
0.0186574999243021
0.01736842654645443
0.014319504611194134
0.014589842408895493
0.01673085428774357
0.01591029204428196
0.015983566641807556
0.020079797133803368
0.02187860757112503
0.021212445572018623
0.02190394699573517
0.02377399615943432
0.02534429356455803
0.02574610896408558
0.026007527485489845
0.02643694169819355
0.02580946497619152
0.024815497919917107
0.024736927822232246
0.02633456140756607
0.027041202411055565
0.02741951122879982
0.026329876855015755
0.026776552200317383
0.025886325165629387
0.025769297033548355
0.026829920709133148
0.026552699506282806
0.025833988562226295
0.026081323623657227
0.02530461549758911
0.025578292086720467
0.02574075758457184
0.025276565924286842
0.026616768911480904
0.024510836228728294
0.02415568009018898
0.023898348212242126
0.022450126707553864
0.022814976051449776
0.024507414549589157
0.02819460816681385
0.026699423789978027
0.026445159688591957
0.024744661524891853
0.02340506948530674
0.023633519187569618
0.023311221972107887
0.02427031472325325
0.026963800191879272
0.027891850098967552
0.025177907198667526
0.024371188133955002
0.023058386519551277
0.022585449740290642
0.021389858797192574
0.01951625384390354
0.020236041396856308
0.019163036718964577
0.019624581560492516
0.01964922808110714
0.016289997845888138
0.015818960964679718
0.015193043276667595
0.01440004725009203
0.01819467358291149
0.014433984644711018
0.014287159778177738
0.014331337995827198
0.01416766457259655
0.013345989398658276
0.01309902872890234
0.012550336308777332
0.01194021850824356
0.011895683594048023
0.009276705794036388
0.0077837691642344
0.006923678331077099
0.0072849830612540245
0.006589763797819614
0.009356197901070118
0.010059387423098087
0.008926520124077797
0.009220344945788383
0.008517361246049404
0.007161993067711592
0.008607837371528149
