0.06446544080972672
0.06373926997184753
0.06447053700685501
0.06338519603013992
0.05470850691199303
0.037721168249845505
0.025414112955331802
0.02165200188755989
0.02137816697359085
0.019618665799498558
0.01622573845088482
0.011760517954826355
0.011039916425943375
0.01175837405025959
0.015504412353038788
0.018382763490080833
0.018558721989393234
0.015512380748987198
0.01528922375291586
0.016554968431591988
0.013389209285378456
0.013434076681733131
0.01865343376994133
0.02358686551451683
0.026534631848335266
0.029247542843222618
0.03712700307369232
0.045896440744400024
0.04835899919271469
0.05043657124042511
0.045614492148160934
0.042967788875103
0.04322598874568939
0.04072534665465355
0.03532858192920685
0.03449269011616707
0.033462513238191605
0.029755625873804092
0.026632752269506454
0.025545280426740646
0.023693783208727837
0.026094039902091026
0.02630280889570713
0.03264359012246132
0.02931429073214531
0.028028586879372597
0.031500011682510376
0.03936457633972168
0.0500667542219162
0.05927790328860283
0.06328100711107254
0.07084845751523972
0.07732750475406647
0.07601519674062729
0.06077811121940613
0.05559546872973442
0.045022156089544296
0.03623533993959427
0.04011441394686699
0.04780683293938637
0.05786227434873581
0.07164414972066879
0.07925048470497131
0.08816148340702057
0.09753843396902084
0.106632299721241
0.1099906638264656
0.1158125028014183
0.12302687764167786
0.12994517385959625
0.13326041400432587
0.1348307877779007
0.1351274847984314
0.13314636051654816
0.12698599696159363
0.12311805039644241
0.12691357731819153
0.13105641305446625
0.14084307849407196
0.15132953226566315
0.16109699010849
0.1704421192407608
0.17845895886421204
0.1868794709444046
0.19294661283493042
0.193669393658638
0.19731324911117554
0.2038368582725525
0.20756866037845612
0.21984146535396576
0.22574478387832642
0.2304091453552246
0.23153051733970642
0.22499698400497437
0.2256092131137848
0.21519267559051514
0.2085433155298233
0.1971942037343979
0.19019803404808044
0.18635870516300201
0.17846138775348663
0.18068856000900269
0.18442952632904053
0.19283649325370789
0.1878337413072586
0.1861879527568817
0.19139590859413147
0.1997126042842865
0.20456615090370178
0.201816126704216
0.19891317188739777
0.1927713304758072
0.19277210533618927
0.18985603749752045
0.17978516221046448
0.17565156519412994
0.1755409836769104
0.1821436733007431
0.1866442859172821
0.19393424689769745
0.19772610068321228
0.20133230090141296
0.20049765706062317
0.2070060670375824
0.20684120059013367
0.21415702998638153
0.22595417499542236
0.22951102256774902
0.22503051161766052
0.21747420728206635
0.21345201134681702
0.21764303743839264
0.22610945999622345
0.2321183681488037
0.236603781580925
0.238430455327034
0.2407480776309967
0.23699036240577698
0.23089486360549927
0.2323695421218872
0.22597022354602814
0.2207065373659134
0.2216164469718933
0.21406783163547516
0.20760378241539001
0.190553680062294
0.18060395121574402
0.17944368720054626
0.18242821097373962
0.18003001809120178
0.17901118099689484
0.1728133261203766
0.17180007696151733
0.16920973360538483
0.1700408011674881
0.17000368237495422
0.16373860836029053
0.16214485466480255
0.16063544154167175
0.15642976760864258
0.15822575986385345
0.1568712294101715
0.15282846987247467
0.1549224555492401
0.14996039867401123
0.1547977477312088
0.14822912216186523
0.14731557667255402
0.1466214805841446
0.14349111914634705
0.14177846908569336
0.1360040158033371
0.13308437168598175
0.1341860294342041
0.13160912692546844
0.1267685443162918
0.12360382080078125
0.11878684908151627
0.12017430365085602
0.11695102602243423
0.11864355206489563
0.12235631048679352
0.1171848326921463
0.1216968446969986
0.1205749437212944
0.11743994057178497
0.11782973259687424
0.11944794654846191
0.1206219345331192
0.11561424285173416
0.10725110024213791
0.10474564135074615
