0.0173259302974
0.0232782252133
0.0336616002023
0.0377218648791
0.0397148989141
0.0384091362357
0.0343915186822
0.0308390557766
0.0254859570414
0.0218643881381
0.0172770302743
0.0158866625279
0.0162461809814
0.0178635995835
0.0174871534109
0.0169839113951
0.0155856367201
0.0131129473448
0.0129679273814
0.0136216692626
0.0154594518244
0.0173850376159
0.019586769864
0.020199239254
0.020003946498
0.0194586403668
0.0193488746881
0.0190516114235
0.0185284018517
0.0168676059693
0.0152012333274
0.0141601487994
0.0127356015146
0.0122366230935
0.0115958452225
0.0112706739455
0.0101651940495
0.00808794423938
0.00557018117979
0.00356819899753
0.00238684844226
0.00178519729525
0.00295277452096
0.00510150240734
0.00740066589788
0.0105417277664
0.0149516332895
0.0176135264337
0.018381677568
0.0169938150793
0.0141539052129
0.0110800806433
0.00895182974637
0.00802960991859
0.00778295332566
0.00754378782585
0.00764389289543
0.00891989283264
0.00997144915164
0.0116353295743
0.0163519233465
0.0200272500515
0.0220968816429
0.0230512488633
0.0234206970781
0.0231963545084
0.0225501786917
0.0224586557597
0.0231865942478
0.023553615436
0.0240551438183
0.0247216373682
0.0261131059378
0.0278558991849
0.0299832932651
0.0323897264898
0.0351009517908
0.0384935066104
0.0416397154331
0.0443704165518
0.0471777431667
0.0493976287544
0.0501954182982
0.0497858561575
0.0483354665339
0.0472965762019
0.0460359416902
0.0441496893764
0.0428593158722
0.042341645807
0.0423779673874
0.042981248349
0.0449134521186
0.0474662035704
0.0494819097221
0.0504256263375
0.0500215254724
0.0498488619924
0.0511209629476
0.0521715842187
0.052041426301
0.0504255481064
0.0485332161188
0.0475292913616
0.0468087159097
0.0454172864556
0.0438330732286
0.0419152155519
0.0400998070836
0.0377006866038
0.0346147678792
0.0326086990535
0.0319866761565
0.0320575945079
0.0329438708723
0.0342964343727
0.0361643172801
0.038362197578
0.0407864786685
0.0428620651364
0.0452291108668
0.0471683777869
0.0480204559863
0.0504040941596
0.0532077029347
0.0548197776079
0.055359467864
0.055470276624
0.0550993047655
0.0538321398199
0.0530039928854
0.0524202696979
0.051679007709
0.0517228133976
0.0508354231715
0.0495588257909
0.0484808385372
0.0485355369747
0.0482587255538
0.0474149174988
0.0457451157272
0.0431976392865
0.0408583134413
0.0370746999979
0.0334492065012
0.0315644443035
0.0306024923921
0.0294991955161
0.0291879922152
0.0282978750765
0.0274577401578
0.0285778529942
0.0305195450783
0.0314555838704
0.0335975252092
0.0383601374924
0.0441362559795
0.0499259606004
0.05616492033
0.0618142709136
0.0660277158022
0.0687662959099
0.0700477734208
0.0697398334742
0.0692011043429
0.0688261687756
0.0681046396494
0.0662368610501
0.063135035336
0.0590013042092
0.0558502785861
0.0543968714774
0.0542078465223
0.0552639588714
0.0576953925192
0.0601438134909
0.0616212636232
0.0615241453052
0.0610592067242
0.0604030117393
0.0599839538336
0.0595608502626
0.0587000101805
0.0575513914227
0.0568470880389
0.0567577518523
0.0564025081694
0.0553742051125
0.0536437891424
0.0514885038137
0.0497692003846
0.0484812483191
