0.020280469208955765
0.01798240654170513
-0.004386920016258955
-0.0012691359734162688
-0.0012691359734162688
-0.0012691359734162688
-0.0012691359734162688
-0.0012691359734162688
-0.0012691359734162688
-0.0012691359734162688
-0.0012691359734162688
-0.0012691359734162688
-0.0012691359734162688
-0.0012691359734162688
-0.0012691359734162688
-0.0012691359734162688
-0.0012691359734162688
-0.005904479417949915
-0.0016444709617644548
-0.0012691359734162688
-0.0012691359734162688
-0.0012691359734162688
-0.0012691359734162688
-0.0016342364251613617
-0.0012691359734162688
-0.002858685329556465
-0.0014485629508271813
-0.0012691359734162688
-0.0012691359734162688
-0.0012691359734162688
-0.0012691359734162688
-0.0012691359734162688
-0.0012691359734162688
-0.0012691359734162688
-0.0012691359734162688
-0.0012691359734162688
-0.0012691359734162688
-0.0012691359734162688
-0.0012691359734162688
-0.0012691359734162688
-0.0012691359734162688
-0.0012691359734162688
-0.0012691359734162688
-0.0012691359734162688
-0.0012691359734162688
-0.0012691359734162688
-0.0012691359734162688
-0.0012691359734162688
-0.0012691359734162688
-0.0012691359734162688
-0.0012691359734162688
-0.0012691359734162688
-0.0012691359734162688
-0.0012691359734162688
-0.0012691359734162688
-0.0012691359734162688
-0.0012691359734162688
-0.0012691359734162688
-0.0012691359734162688
-0.0012691359734162688
-0.0012691359734162688
-0.0012691359734162688
-0.0012691359734162688
-0.0012691359734162688
-0.0012691359734162688
-0.0012691359734162688
-0.0012691359734162688
-0.0012691359734162688
-0.0012691359734162688
-0.0012691359734162688
-0.0012691359734162688
-0.0012691359734162688
-0.0012691359734162688
-0.0012691359734162688
-0.0012691359734162688
-0.0012691359734162688
-0.0012691359734162688
-0.0012691359734162688
-0.0012691359734162688
-0.0012691359734162688
-0.0012691359734162688
-0.0012691359734162688
-0.0012691359734162688
-0.0012691359734162688
-0.0012691359734162688
-0.0012691359734162688
-0.0012691359734162688
-0.0012691359734162688
-0.0012691359734162688
-0.0012691359734162688
-0.0012691359734162688
-0.0012691359734162688
-0.0012691359734162688
-0.0012691359734162688
-0.0012691359734162688
-0.0012691359734162688
-0.0012691359734162688
-0.0012691359734162688
-0.0012691359734162688
-0.0012691359734162688
-0.0012691359734162688
-0.0012691359734162688
-0.0012691359734162688
-0.0012691359734162688
-0.0012691359734162688
-0.0012691359734162688
-0.0012691359734162688
-0.0012691359734162688
-0.0012691359734162688
-0.0012691359734162688
-0.0012691359734162688
-0.0012691359734162688
-0.0008111987262964249
-0.0003129362012259662
0.008840758353471756
0.009130176156759262
0.008135063573718071
0.008573547005653381
0.007313634734600782
0.00822351686656475
0.009506584145128727
0.01124297920614481
0.012574752792716026
0.01267693005502224
0.013835077174007893
0.013898100703954697
0.014561671763658524
0.0155953885987401
0.01707228645682335
0.017503030598163605
0.018353069201111794
0.021443307399749756
0.023296397179365158
0.023243077099323273
0.025348292663693428
0.02600373513996601
0.026255089789628983
0.02693447843194008
0.029853688552975655
0.03093661554157734
0.029560772702097893
0.028328435495495796
0.030441872775554657
0.03336242586374283
0.033941589295864105
0.05789286270737648
0.05901603028178215
0.054553765803575516
0.05545523390173912
0.05391963571310043
0.05551575496792793
0.056390319019556046
0.05575726181268692
0.05848167464137077
0.05851924046874046
0.05861495062708855
0.05946696922183037
0.06211594492197037
0.061382535845041275
0.06012396886944771
0.06112443655729294
0.06320150196552277
0.06758798658847809
0.06708409637212753
0.06570099294185638
0.06596817076206207
0.06757519394159317
0.06664982438087463
0.06628553569316864
0.06713294982910156
0.06707590073347092
0.0678577572107315
0.06828949600458145
0.0684572234749794
0.06819719076156616
0.0683702602982521
0.06765314191579819
0.0675099566578865
0.06800178438425064
0.07142884284257889
0.07253680378198624
0.070319265127182
0.07074255496263504
0.0719248428940773
0.06803421676158905
0.06756015121936798
0.06728146225214005
0.0680944100022316
0.06750168651342392
0.06791063398122787
0.06774961203336716
0.07475146651268005
0.06838684529066086
0.07250749319791794
0.08787447959184647
0.08767664432525635
0.07770642638206482
0.07391184568405151
0.07554362714290619
0.0785134881734848
0.08858964592218399
0.08748316764831543
0.08479216694831848
0.08497520536184311
0.07520171999931335
0.07444711029529572
0.07491649687290192
0.07286887615919113
0.07660209387540817
0.07280793786048889
