-0.1096748635172844
-0.10956323891878128
-0.10943296551704407
-0.1087578684091568
-0.10447067767381668
-0.10026394575834274
-0.09856058657169342
-0.09460165351629257
-0.09046763181686401
-0.08597107976675034
-0.08350267261266708
-0.08048629015684128
-0.0778237134218216
-0.07703322172164917
-0.07752290368080139
-0.07678989320993423
-0.0767575055360794
-0.07727158069610596
-0.07913509756326675
-0.08308425545692444
-0.0847766250371933
-0.08588637411594391
-0.08301794528961182
-0.0809239074587822
-0.07716771215200424
-0.07185296714305878
-0.06430414319038391
-0.05746638774871826
-0.05277884751558304
-0.048468638211488724
-0.04641667753458023
-0.04623495787382126
-0.04809916019439697
-0.05052363872528076
-0.05252593755722046
-0.05545388162136078
-0.05677333101630211
-0.05637563392519951
-0.056347232311964035
-0.05523557588458061
-0.054423678666353226
-0.05503450706601143
-0.05627196654677391
-0.05823162943124771
-0.06153999641537666
-0.06543051451444626
-0.06791579723358154
-0.06856951862573624
-0.06900601834058762
-0.07438991963863373
-0.07798495143651962
-0.08064762502908707
-0.08219463378190994
-0.08631230145692825
-0.09062351286411285
-0.09630197286605835
-0.0957915335893631
-0.09594490379095078
-0.09402268379926682
-0.08786067366600037
-0.0836932361125946
-0.0798247829079628
-0.07486510276794434
-0.07335319370031357
-0.07468460500240326
-0.07446961849927902
-0.07275492697954178
-0.07081491500139236
-0.06859806925058365
-0.07135774195194244
-0.07143568992614746
-0.07083377242088318
-0.06825858354568481
-0.06430761516094208
-0.06227409839630127
-0.06077726185321808
-0.05628722161054611
-0.05374620854854584
-0.049224644899368286
-0.04538163170218468
-0.04177933558821678
-0.03833570331335068
-0.03595181927084923
-0.0340474508702755
-0.03079131618142128
-0.030675064772367477
-0.03161965310573578
-0.029378389939665794
-0.03360394760966301
-0.037790436297655106
-0.03911370784044266
-0.04239547997713089
-0.04552237689495087
-0.04195904731750488
-0.040317460894584656
-0.042580075562000275
-0.04258459061384201
-0.04214669018983841
-0.039358098059892654
-0.03623133525252342
-0.038068223744630814
-0.04021277278661728
-0.043735869228839874
-0.04494921863079071
-0.04561591520905495
-0.04402100294828415
-0.04140546917915344
-0.03827812150120735
-0.03593618795275688
-0.033309102058410645
-0.026344571262598038
-0.023666750639677048
-0.017760707065463066
-0.012304499745368958
-0.008638935163617134
-0.001923651434481144
0.002441317541524768
0.0068824393674731255
0.011059900745749474
0.014082461595535278
0.011355215683579445
0.009532329626381397
0.00411572027951479
0.0027681728824973106
0.0034859671723097563
0.0025021510664373636
0.002828441560268402
-0.0037012400571256876
-0.005590958520770073
-0.007945368066430092
-0.01250133104622364
-0.01629791595041752
-0.021610256284475327
-0.029858270660042763
-0.03950021415948868
-0.05616450682282448
-0.06529946625232697
-0.07619379460811615
-0.0864110216498375
-0.09644697606563568
-0.09715494513511658
-0.09907089918851852
-0.09627992659807205
-0.09407241642475128
-0.09455860406160355
-0.10077600181102753
-0.10667931288480759
-0.10476592928171158
-0.09083594381809235
-0.0781848207116127
-0.0644044354557991
-0.05063256993889809
-0.037309594452381134
-0.0241168774664402
-0.011261546984314919
-0.0034037495497614145
0.002059940015897155
0.005932645872235298
0.004814730957150459
-0.011267629452049732
-0.026613105088472366
-0.044448524713516235
-0.06236793100833893
-0.08352828770875931
-0.1006518304347992
-0.10915692150592804
-0.10673403739929199
-0.10291888564825058
-0.09152266383171082
-0.07525847852230072
-0.06346037238836288
-0.05120114982128143
-0.042212940752506256
-0.03378797322511673
-0.027152998372912407
-0.01951417326927185
-0.01962336152791977
-0.02134559117257595
-0.028101393952965736
-0.03378273546695709
-0.03056444227695465
-0.03232741355895996
-0.03395833820104599
-0.02986823581159115
-0.0282455962151289
-0.027321498841047287
-0.03157411143183708
-0.03365391120314598
-0.03487592935562134
-0.03292858228087425
-0.039226092398166656
-0.04787939414381981
-0.049041297286748886
-0.05499331280589104
-0.056212130934000015
-0.05393035337328911
-0.05179247632622719
-0.045977070927619934
-0.03976569324731827
-0.03015678934752941
-0.020831938832998276
-0.01995188556611538
-0.01593555323779583
-0.004218216519802809
-0.0053894189186394215
-0.008496809750795364
-0.0006421870784834027
-0.004689802415668964
-0.010211329907178879
0.0007617934606969357
