-0.0352156050503
-0.018695672974
-0.0117058632895
-0.00864556804299
-0.00699808774516
-0.00632807333022
-0.00785053893924
-0.0105377566069
-0.0137428138405
-0.0150355417281
-0.0163202062249
-0.0186842679977
-0.0213991906494
-0.0254487134516
-0.027684263885
-0.0286799687892
-0.0293115396053
-0.0304158441722
-0.0319686643779
-0.0328947007656
-0.030958969146
-0.0272804945707
-0.0260148067027
-0.0260713882744
-0.0235050618649
-0.0195753909647
-0.0151829347014
-0.0122971981764
-0.0113733243197
-0.0110782999545
-0.0111365113407
-0.0126727800816
-0.0146703664213
-0.0165819041431
-0.0179760381579
-0.0193388815969
-0.0204716380686
-0.0198288653046
-0.0196619033813
-0.0211299546063
-0.0233746431768
-0.0261365193874
-0.0296201743186
-0.031593054533
-0.0330134518445
-0.0337381064892
-0.0335262268782
-0.0328607931733
-0.0341930985451
-0.0350298993289
-0.0341607891023
-0.0324580483139
-0.0297411978245
-0.0274741575122
-0.0263427775353
-0.0251483656466
-0.0240488760173
-0.0245195236057
-0.0245510078967
-0.0241331197321
-0.0241072177887
-0.0241107232869
-0.0234567560256
-0.0214615017176
-0.0172654427588
-0.013016840443
-0.0108262281865
-0.0108194109052
-0.0110692279413
-0.0117491846904
-0.0131938196719
-0.0157122407109
-0.0183942355216
-0.0186506379396
-0.0179220065475
-0.0156246814877
-0.0111852083355
-0.00872462615371
-0.00865921936929
-0.00870276708156
-0.00887506268919
-0.00905204378068
-0.00857551954687
-0.00772810261697
-0.00588942877948
-0.00346166128293
-0.00288894912228
-0.00265811663121
-0.00445409445092
-0.00250753737055
0.000374427996576
0.00144693488255
0.00302799651399
0.0032290420495
0.00361112086102
0.00459105847403
0.00600595911965
0.00714151049033
0.00879256054759
0.0104493107647
0.0125288590789
0.0144934374839
0.015754301101
0.0162019282579
0.0158870983869
0.0151242353022
0.0158454626799
0.0160248465836
0.016351994127
0.0161781664938
0.0162845924497
0.0164158027619
0.0174168050289
0.0199374742806
0.0231812335551
0.0251348782331
0.0251973327249
0.0246704351157
0.0227677635849
0.0198895055801
0.0182185191661
0.0185214970261
0.0192054677755
0.0204356685281
0.0216265395284
0.0223516486585
0.0236311331391
0.0252639167011
0.0270392671227
0.0295449122787
0.0316110141575
0.0344627089798
0.0368981286883
0.0383359305561
0.0392008312047
0.0409215427935
0.0434492863715
0.0466478466988
0.0490055829287
0.0501549690962
0.0508394427598
0.0504499189556
0.0496089346707
0.049590498209
0.050510533154
0.0530419871211
0.0543841719627
0.0556791201234
0.0588357150555
0.0619552880526
0.0643203407526
0.0646893084049
0.0640715733171
0.0625632107258
0.0602707639337
0.0577648356557
0.0564898774028
0.0560871548951
0.0553888007998
0.0551453791559
0.0552197694778
0.0555288866162
0.0556511878967
0.053452949971
0.0506654754281
0.0478881374002
0.0465716309845
0.0465740635991
0.048018604517
0.0509459376335
0.0542467162013
0.0593370050192
0.0639850199223
0.0683619529009
0.07124427706
0.0734773352742
0.0745879709721
0.0749548897147
0.0741982832551
0.0723901093006
0.0698985755444
0.0683789104223
0.0679017454386
0.0694737136364
0.0709435120225
0.0736748352647
0.0764571875334
0.0791899636388
0.0817704126239
0.0848600268364
0.0885614603758
0.0907609239221
0.0919173583388
0.0929781123996
0.094268836081
0.0950488746166
0.0954624339938
0.0957841575146
0.0959869623184
0.0954515337944
0.0949780642986
0.0938774421811
0.0920662581921
0.090356208384
0.0883081182837
0.0868159085512
0.085492990911
0.0829578340054
0.0789100080729
0.0750865861773
