0
-1.7053e-16
-1.0768e-16
-1.7844e-16
-2.7548e-16
-1.7792e-16
-2.0032e-16
-2.5932e-16
-9.0887e-17
-1.1364e-16
-8.0066e-17
-1.6072e-16
-8.4764e-17
-2.2963e-16
-4.5921e-17
-1.2469e-16
-1.1214e-16
-1.071e-16
-8.6724e-17
3.6606e-18
-5.4197e-17
-1.384e-17
-3.64e-17
-9.7036e-17
-4.5295e-16
3.3336e-18
2.1665e-18
-1.9183e-17
8.0394e-18
-2.0724e-16
1.0991e-17
9.34e-18
7.335e-18
5.3748e-18
-2.1468e-16
-2.4038e-16
-7.9575e-19
-5.1593e-19
-2.3883e-16
6.3198e-18
9.0659e-18
-2.303e-16
1.1643e-17
-2.0749e-16
8.6733e-18
-2.1089e-16
-1.7564e-16
6.0078e-16
5.7877e-16
6.0228e-16
4.6471e-16
5.8968e-16
4.4025e-16
4.2445e-16
4.1117e-16
5.3787e-16
4.9366e-16
-5.4217e-17
-2.6443e-16
-3.8156e-17
-2.7769e-17
-1.4042e-17
6.4047e-19
1.2698e-17
1.975e-17
-1.9686e-16
1.717e-17
1.0226e-17
-2.1448e-16
-2.1969e-16
-2.2283e-16
-2.2269e-16
-1.0596e-18
-0.00017696
-0.00040022
-0.00063151
-0.00085974
-0.0011287
-0.0015051
-0.0018881
-0.0022503
-0.0028531
-0.0036638
-0.0045465
-0.0054085
-0.0062541
-0.0073206
-0.0085093
-0.0096614
-0.010894
-0.012335
-0.013981
-0.015665
-0.017275
-0.018973
-0.020814
-0.022732
-0.024627
-0.026662
-0.028934
-0.03131
-0.033666
-0.035994
-0.038392
-0.040912
-0.043438
-0.04603
-0.048764
-0.051608
-0.054445
-0.057204
-0.059959
-0.06283
-0.06567
-0.068499
-0.071405
-0.074414
-0.077401
-0.080271
-0.083149
-0.08604
-0.088902
-0.091686
-0.094461
-0.097361
-0.10026
-0.10305
-0.10573
-0.10855
-0.11127
-0.11387
-0.11641
-0.1191
-0.12182
-0.12445
-0.12696
-0.12953
-0.13209
-0.1345
-0.1368
-0.13916
-0.14159
-0.14396
-0.1462
-0.14845
-0.15075
-0.15287
-0.15486
-0.15685
-0.15895
-0.16101
-0.16293
-0.16485
-0.16684
-0.16863
-0.17029
-0.17188
-0.1736
-0.17532
-0.17693
-0.17836
-0.17993
-0.18157
-0.18293
-0.18413
-0.18549
-0.18693
-0.1883
-0.18951
-0.19073
-0.19211
-0.19321
-0.19418
-0.1952
-0.19627
-0.19733
-0.19827
-0.19915
-0.20023
-0.20106
-0.20179
-0.20254
-0.20335
-0.20419
-0.20494
-0.20558
-0.20649
-0.20714
-0.2077
-0.20824
-0.20884
-0.20949
-0.21007
-0.21053
-0.21127
-0.21171
-0.2121
-0.21244
-0.21281
-0.21329
-0.21376
-0.21412
-0.21442
-0.21504
-0.21533
-0.21552
-0.21571
-0.21603
-0.21635
-0.21656
-0.21667
-0.21705
-0.2172
-0.21724
-0.21729
-0.21748
-0.21771
-0.21787
-0.21792
-0.2182
-0.21835
-0.21838
-0.21839
-0.21853
-0.21872
-0.21885
-0.21887
-0.21904
-0.21916
-0.21917
-0.21912
-0.21914
-0.21927
-0.21939
-0.21941
-0.21951
-0.21964
-0.21965
-0.21957
-0.21948
-0.21954
-0.2196
-0.21957
-0.21956
-0.21946
-0.2195
-0.21934
-0.21914
-0.21914
-0.21919
-0.21917
-0.21913
-0.21904
-0.21915
-0.21903
-0.21885
-0.21886
-0.21895
-0.21898
-0.21886
-0.21887
-0.21899
-0.2189
-0.2187
-0.21866
-0.21875
-0.21881
-0.21874
-0.2187
-0.21884
-0.21879
-0.21863
-0.21858
-0.21861
-0.21864
-0.21856
-0.21844
-0.21851
-0.21838
-0.21817
-0.21805
-0.21802
-0.21802
-0.21795
-0.21782
-0.21793
-0.21785
-0.2177
-0.21761
-0.21763
-0.21769
-0.21768
-0.21758
-0.21774
-0.21768
-0.21757
-0.21747
-0.21747
-0.21753
-0.21754
-0.21744
-0.21759
-0.21759
-0.21753
-0.21744
-0.21741
-0.21748
-0.21751
-0.21741
-0.2175
-0.21745
-0.21733
-0.21717
-0.21704
-0.21705
-0.21705
-0.21695
-0.21699
-0.21699
-0.21691
-0.21678
-0.21671
-0.21677
-0.21684
-0.2168
-0.21686
-0.21692
-0.21688
-0.21678
-0.21669
-0.21675
-0.21682
-0.21681
-0.21686
-0.21683
-0.21692
-0.21683
-0.21659
-0.21622
-0.21588
-0.21547
-0.2149
-0.21427
-0.21356
-0.21268
-0.21168
-0.21051
-0.20918
-0.20785
-0.20643
-0.20495
-0.20337
-0.20159
-0.19977
-0.19784
-0.19579
-0.19364
-0.19153
-0.18928
-0.18705
-0.18462
-0.18214
-0.17962
-0.17702
-0.17436
-0.17165
-0.16894
-0.16625
-0.16343
-0.16058
-0.1577
-0.15479
-0.15185
-0.14888
-0.14588
-0.1429
-0.13983
-0.13674
-0.13364
-0.13054
-0.12743
-0.12434
-0.12126
-0.11821
-0.11518
-0.11219
-0.10923
-0.10632
-0.10344
-0.10061
-0.097816
-0.095067
-0.092363
