0.020280469208955765
-0.0012691359734162688
-0.0012691359734162688
-0.0012691359734162688
-0.0012691359734162688
-0.0012691359734162688
-0.0012691359734162688
-0.0012691359734162688
-0.0012691359734162688
-0.0012691359734162688
-0.0012691359734162688
-0.0012691359734162688
-0.0012691359734162688
-0.0012691359734162688
-0.0012691359734162688
-0.0012691359734162688
-0.0012691359734162688
-0.0017938122618943453
-0.0016887217061594129
-0.0012691359734162688
-0.0012691359734162688
-0.0012691359734162688
-0.0016518431948497891
-0.0012691359734162688
-0.0012691359734162688
-0.0012691359734162688
-0.0012691359734162688
-0.0012691359734162688
-0.0012691359734162688
-0.0012691359734162688
-0.0012691359734162688
-0.0036635594442486763
-0.0021693268790841103
-0.0012691359734162688
-0.0012691359734162688
-0.0012691359734162688
-0.0012691359734162688
-0.0012691359734162688
-0.0012691359734162688
-0.0012691359734162688
0.004659533966332674
0.0026367742102593184
-0.0012691359734162688
-0.0012691359734162688
-0.0012691359734162688
-0.0012691359734162688
-0.0012691359734162688
-0.0012691359734162688
-0.0012691359734162688
-0.0012691359734162688
-0.0012691359734162688
-0.0012691359734162688
-0.0012691359734162688
-0.0012691359734162688
-0.0012691359734162688
-0.0012691359734162688
-0.0012691359734162688
-0.0012691359734162688
-0.0012691359734162688
-0.0012691359734162688
-0.0012691359734162688
-0.0012691359734162688
-0.0012691359734162688
-0.0012691359734162688
-0.0012691359734162688
-0.0012691359734162688
-0.0012691359734162688
-0.0012691359734162688
-0.0012691359734162688
-0.0012691359734162688
-0.0012691359734162688
-0.0012691359734162688
-0.0012691359734162688
-0.0012691359734162688
-0.0012691359734162688
-0.0012691359734162688
-0.0012691359734162688
-0.0012691359734162688
-0.0012691359734162688
-0.0012691359734162688
-0.0012691359734162688
-0.0012691359734162688
-0.0012691359734162688
-0.0012691359734162688
-0.0012691359734162688
-0.0012691359734162688
-0.0012691359734162688
-0.0012691359734162688
-0.0012691359734162688
-0.0012691359734162688
-0.0012691359734162688
-0.0012691359734162688
-0.0012691359734162688
-0.0012691359734162688
-0.0012691359734162688
-0.0012691359734162688
-0.0012691359734162688
-0.0012691359734162688
-0.0012691359734162688
-0.0012691359734162688
-0.0012691359734162688
-0.0012691359734162688
-0.0012691359734162688
-0.0012691359734162688
-0.0012691359734162688
-0.0012691359734162688
-0.0012691359734162688
-0.0012691359734162688
-0.0012691359734162688
-0.0012691359734162688
-0.0012691359734162688
-0.0012691359734162688
-0.0012691359734162688
-0.0012691359734162688
-0.0012691359734162688
-0.0012691359734162688
-0.0012691359734162688
-0.0012691359734162688
-0.0012691359734162688
-0.0012691359734162688
-0.0012691359734162688
-0.0012691359734162688
-0.003150956705212593
-0.00516077084466815
-0.0012691359734162688
-0.0012691359734162688
-0.0012691359734162688
-0.005143565591424704
-0.00981824565678835
-0.010089701041579247
-0.01132940873503685
-0.010560897178947926
-0.011659903451800346
-0.01254336629062891
-0.011964804492890835
-0.01234938483685255
-0.013069825246930122
-0.01314909104257822
-0.013171292841434479
-0.013008843176066875
-0.01503298431634903
-0.01826113648712635
-0.01919436641037464
-0.022399665787816048
-0.0214728731662035
-0.024186598137021065
-0.026897767558693886
-0.026996541768312454
-0.02801530808210373
-0.02935172989964485
-0.02864052727818489
-0.04050546512007713
-0.040956802666187286
-0.03622458875179291
-0.03655295819044113
-0.040712226182222366
-0.04645063355565071
-0.05128226801753044
-0.05417768284678459
-0.05616224929690361
-0.05754983425140381
-0.059101078659296036
-0.06345392763614655
-0.06686486303806305
-0.06947462260723114
-0.0721254050731659
-0.0725465640425682
-0.07281838357448578
-0.07567194849252701
-0.07393119484186172
-0.07515274733304977
-0.07171608507633209
-0.07065051048994064
-0.07180000841617584
-0.06894133985042572
-0.06595864146947861
-0.06376411765813828
-0.06254343688488007
-0.060302987694740295
-0.049507804214954376
-0.04798388481140137
-0.034908100962638855
-0.07809042185544968
-0.07928042858839035
-0.08021239191293716
-0.08144474029541016
-0.0727706253528595
-0.07375359535217285
-0.07370752096176147
-0.0729704424738884
-0.07171446084976196
-0.0745772272348404
-0.07579059898853302
-0.07603499293327332
-0.07561782747507095
-0.07748452574014664
-0.07816693186759949
-0.07760877162218094
-0.07422399520874023
-0.0732557401061058
-0.07199478149414062
-0.07244360446929932
-0.07499055564403534
-0.060006361454725266
-0.06002088636159897
-0.07057077437639236
-0.07328992336988449
-0.07922235131263733
-0.07958474010229111
-0.08342090249061584
-0.08173724263906479
-0.07778515666723251
-0.07637792080640793
-0.07338065654039383
-0.06992422044277191
-0.07318232953548431
-0.07698497176170349
-0.07764028012752533
-0.07648604363203049
-0.07757867872714996
-0.07829364389181137
-0.07943762093782425
-0.08765964955091476
-0.08879203349351883
-0.08725692331790924
-0.08805738389492035
-0.0827503427863121
-0.08366041630506516
-0.08616475015878677
-0.08556485176086426
-0.0862346664071083
-0.08587028831243515
-0.08631133288145065
-0.08697370439767838
-0.08644594252109528
-0.08602635562419891
-0.08546905964612961
-0.08305945247411728
-0.08410587906837463
-0.0841580480337143
-0.08479480445384979
-0.08532898128032684
-0.08568058162927628
-0.08591495454311371
-0.08404946327209473
-0.08294900506734848
-0.08442115038633347
-0.08337521553039551
-0.0848136693239212
-0.08520525693893433
-0.08518271893262863
-0.0862901508808136
-0.08479809015989304
-0.08931867778301239
-0.08793319761753082
-0.08425579220056534
-0.08279572427272797
-0.07898957282304764
-0.07468406111001968
-0.07461119443178177
-0.0788305252790451
-0.07698152959346771
-0.07825151830911636
-0.08001730591058731
-0.08218083530664444
-0.0792306512594223
-0.08072231709957123
-0.07887441664934158
-0.07916489243507385
-0.07702536880970001
-0.07382506132125854
-0.07320364564657211
-0.071783147752285
-0.0696374773979187
-0.07130394876003265
-0.07247710973024368
-0.07533948868513107
-0.07772605121135712
-0.08121365308761597
-0.0800573006272316
-0.07751711457967758
-0.07716529816389084
-0.08099590986967087
-0.08043742924928665
-0.08237089216709137
-0.08171302825212479
-0.08218377828598022
-0.08305617421865463
-0.08543500304222107
-0.08234832435846329
-0.08673180639743805
-0.08710311353206635
-0.08838031440973282
-0.08766108006238937
-0.09020925313234329
-0.08841440826654434
-0.08743797242641449
-0.088108129799366
-0.08628591895103455
-0.08536399155855179
-0.08527497202157974
-0.08424536883831024
-0.08611199259757996
-0.08759470283985138
-0.08521965146064758
-0.08698061853647232
-0.08816032111644745
-0.08658811450004578
-0.08979862928390503
-0.09023769944906235
-0.08712245523929596
-0.08841980993747711
-0.08626589924097061
-0.08345126360654831
-0.08408794552087784
-0.08477520197629929
-0.08650510758161545
-0.08622261881828308
-0.0854744091629982
-0.08546900749206543
-0.08729793131351471
-0.08609860390424728
-0.08644668757915497
-0.08603982627391815
-0.07828257977962494
-0.08162807673215866
-0.0838385745882988
-0.08306121081113815
-0.08076507598161697
-0.08094093203544617
-0.08059856295585632
-0.07874614000320435
-0.07625191658735275
-0.07568351924419403
-0.07766596227884293
-0.07694116234779358
-0.07933801412582397
-0.07711958885192871
-0.07735465466976166
-0.07900392264127731
-0.08082818239927292
-0.07675246149301529
-0.0761525109410286
-0.0730665996670723
-0.07399588823318481
-0.07846755534410477
-0.07717820256948471
-0.07700479030609131
-0.07672923803329468
-0.07872335612773895
-0.08112575113773346
-0.07917727530002594
-0.07714840769767761
-0.07697871327400208
-0.07541441172361374
-0.0730048418045044
-0.06911945343017578
-0.06630150973796844
-0.05848202481865883
-0.05720404535531998
-0.05594707652926445
-0.0549304224550724
-0.053343649953603745
-0.053343515843153
-0.051866158843040466
-0.04813182353973389
-0.043170321732759476
-0.041510164737701416
-0.04072272777557373
-0.037631258368492126
-0.039403680711984634
-0.03408116474747658
-0.03472072258591652
-0.03560784086585045
-0.02961038053035736
-0.030172711238265038
-0.029517201706767082
-0.02972867526113987
-0.03120526485145092
-0.0290891882032156
-0.02863360568881035
-0.027150122448801994
-0.02729148231446743
-0.02711397036910057
-0.026821376755833626
-0.0274975523352623
-0.026759641245007515
-0.025686398148536682
-0.024543313309550285
-0.025198964402079582
-0.022405454888939857
-0.022183429449796677
-0.02157919853925705
