-0.11679670959711075
-0.11515326797962189
-0.11280840635299683
-0.11289715766906738
-0.112812340259552
-0.11158701032400131
-0.1122235581278801
-0.10814831405878067
-0.10431784391403198
-0.10016035288572311
-0.09668010473251343
-0.09284781664609909
-0.08849412202835083
-0.08648872375488281
-0.087008036673069
-0.08923454582691193
-0.09057391434907913
-0.09079400449991226
-0.09041733294725418
-0.09064771234989166
-0.09107142686843872
-0.09371337294578552
-0.09476445615291595
-0.09766378253698349
-0.09960479289293289
-0.09679804742336273
-0.09258896857500076
-0.08746559917926788
-0.08192291110754013
-0.07712458074092865
-0.07343221455812454
-0.07054895162582397
-0.0693230852484703
-0.06845200806856155
-0.06646988540887833
-0.06537885963916779
-0.06635444611310959
-0.06600731611251831
-0.06606698781251907
-0.0667058601975441
-0.06597143411636353
-0.06526108831167221
-0.06566117703914642
-0.06658374518156052
-0.0680915117263794
-0.0704616978764534
-0.07367496192455292
-0.07836590707302094
-0.08123300969600677
-0.08722429722547531
-0.09142076224088669
-0.0959259644150734
-0.09777133911848068
-0.10102104395627975
-0.10201312601566315
-0.10578324645757675
-0.1046975627541542
-0.10504718869924545
-0.10364080965518951
-0.10127440094947815
-0.09905561804771423
-0.10080087929964066
-0.10305938869714737
-0.10477937012910843
-0.1090427041053772
-0.11121037602424622
-0.10934410244226456
-0.10535795986652374
-0.10140803456306458
-0.10036282241344452
-0.1015722006559372
-0.10116799920797348
-0.09948208928108215
-0.09639927744865417
-0.09439366310834885
-0.0920867845416069
-0.08529702574014664
-0.08441662043333054
-0.08223370462656021
-0.08110948652029037
-0.08013381063938141
-0.07822195440530777
-0.07802838087081909
-0.07914027571678162
-0.07855212688446045
-0.08229296654462814
-0.08509038388729095
-0.08602993190288544
-0.08870219439268112
-0.09254762530326843
-0.09418761730194092
-0.09586015343666077
-0.09723374992609024
-0.09778149425983429
-0.09545286744832993
-0.09717397391796112
-0.10067497193813324
-0.1015029326081276
-0.10469359904527664
-0.10485464334487915
-0.10654916614294052
-0.11001377552747726
-0.11425995081663132
-0.11532624810934067
-0.11745448410511017
-0.12015099078416824
-0.12445800006389618
-0.12609457969665527
-0.12735047936439514
-0.13046583533287048
-0.13543657958507538
-0.14139872789382935
-0.14491628110408783
-0.14846952259540558
-0.15023848414421082
-0.14979323744773865
-0.15403394401073456
-0.15509000420570374
-0.16362804174423218
-0.17241840064525604
-0.18952998518943787
-0.2019202709197998
-0.2181130051612854
-0.22603702545166016
-0.23215682804584503
-0.2387612760066986
-0.2441936880350113
-0.24878181517124176
-0.2517845034599304
-0.25301042199134827
-0.2570827007293701
-0.2600748538970947
-0.26383456587791443
-0.2650893032550812
-0.2671576738357544
-0.26777878403663635
-0.2693353295326233
-0.26537469029426575
-0.26245418190956116
-0.2591559886932373
-0.25278839468955994
-0.24896667897701263
-0.24539078772068024
-0.24236905574798584
-0.24087856709957123
-0.23795583844184875
-0.23703177273273468
-0.23482106626033783
-0.23444849252700806
-0.23355062305927277
-0.23606617748737335
-0.23834684491157532
-0.23890487849712372
-0.24134913086891174
-0.246575266122818
-0.24922393262386322
-0.24934479594230652
-0.2533942461013794
-0.2569183111190796
-0.2586234509944916
-0.2623645067214966
-0.2661953568458557
-0.26941341161727905
-0.27268198132514954
-0.27581313252449036
-0.27837079763412476
-0.27794507145881653
-0.2744101285934448
-0.27445265650749207
-0.2705778479576111
-0.2677083909511566
-0.26749879121780396
-0.26181352138519287
-0.25928106904029846
-0.25516459345817566
-0.25458046793937683
-0.2498197704553604
-0.2500619888305664
-0.24986706674098969
-0.24459956586360931
-0.24506302177906036
-0.23693528771400452
-0.23280052840709686
-0.22701206803321838
-0.22358407080173492
-0.22049839794635773
-0.21620330214500427
-0.213245689868927
-0.21643097698688507
-0.2185972034931183
-0.2226841002702713
-0.22978924214839935
-0.23104099929332733
-0.23163491487503052
-0.22783426940441132
-0.22580963373184204
-0.22532300651073456
-0.22797791659832
-0.23124991357326508
-0.23290036618709564
-0.23720622062683105
-0.23963545262813568
-0.24301199615001678
-0.24105922877788544
-0.2420467734336853
-0.24171359837055206
-0.2387648969888687
-0.2367064505815506
-0.23132246732711792
-0.2265745848417282
-0.2235821783542633
-0.22140786051750183
-0.22039298713207245
-0.21647576987743378
-0.21223321557044983
-0.20801542699337006
-0.2069350928068161
-0.206879660487175
-0.20661433041095734
-0.20435886085033417
-0.20602795481681824
-0.2029915750026703
-0.19934850931167603
-0.19702881574630737
-0.19375145435333252
-0.189491868019104
-0.1921730786561966
-0.19392210245132446
-0.2009301483631134
-0.2056615650653839
-0.20843566954135895
-0.20968611538410187
-0.21597762405872345
-0.2150607407093048
-0.2173861265182495
-0.21745389699935913
-0.2144661545753479
-0.21038822829723358
-0.2062920331954956
-0.20113986730575562
-0.19627396762371063
-0.19136716425418854
-0.18891370296478271
-0.18918786942958832
-0.18883834779262543
-0.19128108024597168
-0.19234851002693176
-0.19387975335121155
-0.1954353153705597
-0.1948925405740738
-0.19286872446537018
-0.18917885422706604
-0.18615978956222534
-0.1813233345746994
-0.17779488861560822
-0.1724473088979721
-0.17141886055469513
-0.17396654188632965
-0.17464932799339294
-0.17478975653648376
-0.17612598836421967
-0.17572058737277985
-0.17628401517868042
-0.1748441457748413
-0.1752956062555313
-0.17412586510181427
-0.17449580132961273
-0.17493106424808502
-0.1769641935825348
-0.1778847873210907
-0.18131926655769348
-0.18341109156608582
-0.1846136748790741
-0.1856200248003006
-0.185309499502182
-0.1835848093032837
-0.18245179951190948
-0.18276306986808777
-0.17905020713806152
-0.1788458526134491
-0.1760241538286209
-0.17816081643104553
-0.17786164581775665
-0.17537184059619904
-0.17190061509609222
-0.16924446821212769
-0.16854681074619293
-0.16793566942214966
-0.16640295088291168
-0.16629615426063538
-0.1640203297138214
-0.16635315120220184
-0.1647084355354309
-0.16662350296974182
-0.16387717425823212
-0.16342216730117798
-0.16091276705265045
-0.16098378598690033
-0.15689043700695038
-0.15513655543327332
-0.15377871692180634
-0.1516520380973816
-0.15401868522167206
-0.1587410420179367
-0.16067063808441162
-0.16237229108810425
-0.16134783625602722
-0.16009186208248138
-0.15998351573944092
-0.16000238060951233
-0.15611998736858368
-0.15524402260780334
-0.15458407998085022
-0.1534399539232254
-0.153718501329422
-0.15028028190135956
-0.14643310010433197
-0.14226704835891724
-0.14033040404319763
-0.1364421844482422
-0.13690590858459473
-0.13610978424549103
-0.13695676624774933
-0.13706205785274506
-0.13647322356700897
-0.1336790770292282
-0.1298290491104126
-0.12665033340454102
-0.12384875863790512
-0.1228364035487175
-0.11982983350753784
-0.1182844415307045
-0.12015371769666672
-0.11976383626461029
-0.12009222060441971
-0.12103679776191711
-0.1215028315782547
-0.12110207974910736
-0.12008675932884216
-0.12065542489290237
-0.12184387445449829
-0.12259845435619354
-0.12001645565032959
-0.12008890509605408
-0.12158776074647903
-0.12256814539432526
-0.12548084557056427
-0.1258738487958908
-0.12807469069957733
-0.12612754106521606
-0.12433111667633057
-0.12163787335157394
-0.12113988399505615
-0.12189875543117523
-0.12410254031419754
-0.12577314674854279
-0.1289414018392563
-0.1319282054901123
-0.13269729912281036
-0.13144564628601074
-0.1294359713792801
-0.1278819888830185
-0.12856808304786682
-0.12788520753383636
-0.13011568784713745
-0.13186118006706238
-0.13396425545215607
-0.12992995977401733
-0.12856410443782806
-0.12535834312438965
-0.12544861435890198
-0.12375106662511826
-0.12344256788492203
-0.11756815761327744
-0.11205089092254639
-0.10695251077413559
-0.10062859952449799
-0.09393928200006485
-0.08843284845352173
-0.08247820287942886
-0.07887332886457443
-0.07293039560317993
-0.07074008136987686
-0.06769698113203049
-0.06504847854375839
-0.062433160841464996
-0.06146185100078583
-0.0600297674536705
-0.06012600287795067
-0.059095464646816254
-0.05847359448671341
-0.059637315571308136
-0.05843031406402588
