-0.0487337633967
-0.0315020084381
-0.0249535031617
-0.0280804820359
-0.0303680598736
-0.0332392193377
-0.0356762856245
-0.0367476902902
-0.0359931997955
-0.0334706194699
-0.0314237736166
-0.0294494889677
-0.0272007659078
-0.0247455313802
-0.0220889896154
-0.0202857479453
-0.0189903043211
-0.0188256856054
-0.0209901221097
-0.0218389444053
-0.0196289960295
-0.0164866801351
-0.0139968264848
-0.0115086697042
-0.0098454169929
-0.01110477373
-0.0134224314243
-0.0178086124361
-0.0226765349507
-0.0262883920223
-0.0289358329028
-0.0304146166891
-0.0306143928319
-0.0304274167866
-0.0307346358895
-0.0300730410963
-0.0296934917569
-0.0298618134111
-0.0305061601102
-0.0318780839443
-0.0329164937139
-0.0334030911326
-0.0331628210843
-0.0324316881597
-0.0313655994833
-0.0308025758713
-0.0309080667794
-0.0290719326586
-0.0268304683268
-0.0248860269785
-0.0225160289556
-0.020022103563
-0.0194024220109
-0.0208269711584
-0.0237738490105
-0.0255078021437
-0.0269712135196
-0.029063180089
-0.0302781593055
-0.0310590453446
-0.0325072035193
-0.0342442728579
-0.0364732779562
-0.0388138070703
-0.0405723378062
-0.0405080318451
-0.0412912778556
-0.0435364060104
-0.0462563484907
-0.0466468818486
-0.0463182777166
-0.0471202097833
-0.0473745055497
-0.0473380982876
-0.0477510020137
-0.0484514720738
-0.0486321821809
-0.048016384244
-0.0461554117501
-0.0434622615576
-0.0403259731829
-0.037590418011
-0.0365641862154
-0.0353645943105
-0.0335745215416
-0.0327805615962
-0.0326497219503
-0.0322629138827
-0.031785197556
-0.0304280985147
-0.0299084596336
-0.0318725593388
-0.0339188352227
-0.0345533825457
-0.0358054749668
-0.0382742919028
-0.0406666696072
-0.0428626127541
-0.043395768851
-0.0436239726841
-0.0433252453804
-0.0426616147161
-0.0414162762463
-0.0414004921913
-0.0412206239998
-0.0399001054466
-0.0391192473471
-0.0366632826626
-0.0340448059142
-0.0307262074202
-0.0277271289378
-0.024789923802
-0.0221521519125
-0.0226198192686
-0.0248536188155
-0.027328658849
-0.0292857456952
-0.0302332099527
-0.0317613258958
-0.0328174382448
-0.0356649905443
-0.0410280562937
-0.0497278869152
-0.0603500679135
-0.0700460001826
-0.0754415094852
-0.0771302729845
-0.0757137164474
-0.072500012815
-0.0693265870214
-0.0667003765702
-0.0650030747056
-0.0641476511955
-0.0629138797522
-0.0641497820616
-0.0662368163466
-0.0674284994602
-0.068874374032
-0.0690841376781
-0.0679797753692
-0.0669832751155
-0.0665180310607
-0.0660545378923
-0.0662742257118
-0.0659716725349
-0.0648637861013
-0.0624829903245
-0.0593630559742
-0.0588499978185
-0.0618209913373
-0.0659859925508
-0.0737539455295
-0.0802594125271
-0.0835518762469
-0.0868401750922
-0.0904211327434
-0.0945190787315
-0.0987216159701
-0.10292583704
-0.106940604746
-0.110244080424
-0.112685076892
-0.115188591182
-0.116740897298
-0.118419677019
-0.118523731828
-0.117985703051
-0.118102550507
-0.118441201746
-0.119002275169
-0.119565837085
-0.119848743081
-0.118146307766
-0.116670079529
-0.116838231683
-0.118310183287
-0.121133424342
-0.123990610242
-0.125664353371
-0.1274779737
-0.127608627081
-0.127181828022
-0.128704100847
-0.13076685369
-0.131285265088
-0.130019158125
-0.128148645163
-0.12578561902
-0.123050831258
-0.120102897286
-0.117415674031
-0.115932479501
-0.116351991892
-0.118081405759
-0.120965652168
-0.123226590455
-0.125311657786
-0.127413854003
-0.12989127636
-0.13259986043
-0.135278731585
-0.139381945133
-0.145100355148
-0.153420552611
-0.161612227559
-0.167202308774
-0.171547681093
-0.175452247262
-0.179291859269
-0.182750970125
-0.185175254941
-0.18735870719
-0.189504086971
-0.190269976854
-0.190339311957
-0.189608260989
-0.188450142741
-0.187842383981
-0.186854436994
-0.183852627873
-0.179248571396
-0.174001440406
-0.17060521245
-0.166690856218
-0.161619439721
-0.155904442072
-0.152042046189
-0.150012940168
-0.149759724736
-0.150845646858
-0.152010768652
-0.153116464615
-0.154397502542
-0.156625509262
-0.158973142505
-0.161345124245
-0.163340076804
-0.164491966367
-0.164946466684
-0.163691475987
-0.161970928311
-0.160815179348
-0.160241618752
-0.160289734602
-0.159670904279
-0.158552765846
-0.157472506166
-0.155801311135
-0.153437137604
-0.150906965137
-0.148412659764
-0.14453792572
-0.13973672688
-0.135144084692
-0.129961907864
-0.123769946396
-0.116717040539
-0.108308553696
-0.0987824052572
-0.0897661969066
-0.0811963826418
-0.0712444186211
-0.0639886558056
-0.0611320845783
-0.0586523264647
-0.0557251349092
-0.0535943396389
-0.051716402173
-0.0502502322197
-0.0495504587889
-0.0491127744317
-0.0475729256868
-0.0447102487087
-0.0415551401675
-0.0406634174287
-0.0426550135016
-0.0441372729838
-0.0443173982203
-0.0459446497262
-0.0499429665506
-0.0538156628609
-0.0555086433887
-0.0556899420917
-0.0549873709679
-0.0531471297145
-0.0528780482709
-0.0539899282157
-0.0537160485983
-0.0539189912379
-0.055844835937
-0.0588377863169
-0.0608152709901
-0.0621482506394
-0.0636208504438
-0.0645146295428
-0.0651541873813
-0.0657648146152
-0.0651364922523
-0.0646059736609
-0.0660155639052
-0.0688158050179
-0.0704001411796
-0.0701777413487
-0.0701835229993
-0.0718135386705
-0.074593141675
-0.0771311596036
-0.0799335986376
-0.0851992219687
-0.0906097590923
-0.0952935889363
-0.0999074876308
-0.103575773537
-0.106309391558
-0.107892714441
-0.110260181129
-0.11210732162
-0.11367496103
-0.114591315389
-0.114720188081
-0.114359594882
-0.113779872656
-0.111476771533
-0.106903672218
-0.101023025811
-0.0940528735518
-0.086170502007
-0.0788095295429
-0.0735607668757
-0.0703548118472
-0.0685167908669
-0.0671805515885
-0.0679002255201
-0.072272785008
-0.0784974843264
-0.0839545503259
-0.0867294892669
-0.0876378268003
-0.0867674723268
-0.0851777046919
-0.0821268483996
-0.0768882110715
-0.0709731951356
-0.0650608986616
-0.0578767582774
-0.0514608882368
-0.0466277711093
-0.0422584339976
-0.0384759381413
-0.0358716733754
-0.0351383090019
-0.0353440865874
-0.0364118292928
-0.0373456664383
-0.0382647141814
-0.0385282300413
-0.0375163033605
-0.0372109264135
-0.0379481799901
-0.0394382141531
-0.0409878268838
-0.0419612638652
-0.0430788435042
-0.0442679785192
-0.0457334332168
-0.0468219183385
-0.0467196255922
-0.0459414310753
-0.0454321615398
-0.0451063029468
-0.0435108542442
-0.0422103703022
-0.0414329133928
-0.0406808517873
-0.0381208509207
-0.0349819287658
-0.0328013151884
-0.0315914861858
-0.0311835967004
-0.0308173727244
-0.0308174658567
-0.030523058027
-0.030045196414
-0.0310279838741
-0.0326960124075
-0.0337270051241
-0.0335989333689
-0.0323084555566
-0.0308055635542
-0.0295788161457
-0.0288907829672
-0.0287779569626
-0.0293239802122
