0
-9.701e-17
-1.1993e-16
-3.6015e-17
-3.5863e-17
-2.0946e-17
-1.7326e-17
-8.1725e-17
-8.1309e-18
-1.0677e-16
-2.2721e-16
-2.5718e-16
9.6549e-18
-5.8668e-17
-7.1756e-17
-9.0717e-17
2.6194e-17
-0.00028233
-0.001066
-0.0026578
-0.0054125
-0.0095633
-0.015216
-0.022434
-0.031351
-0.041947
-0.054005
-0.067467
-0.082156
-0.097975
-0.11453
-0.13175
-0.14945
-0.16742
-0.1854
-0.20322
-0.22103
-0.23849
-0.25568
-0.27235
-0.28881
-0.30443
-0.31937
-0.33356
-0.3473
-0.35989
-0.37163
-0.38269
-0.39301
-0.40229
-0.41076
-0.41864
-0.42569
-0.43188
-0.43738
-0.44194
-0.44639
-0.45005
-0.45308
-0.4559
-0.45813
-0.45996
-0.46128
-0.46243
-0.4631
-0.4635
-0.46357
-0.46349
-0.46309
-0.4625
-0.4617
-0.46087
-0.45982
-0.45871
-0.45743
-0.45629
-0.45501
-0.45385
-0.4526
-0.45139
-0.45017
-0.44896
-0.44776
-0.44665
-0.44553
-0.44446
-0.44335
-0.44242
-0.44147
-0.44061
-0.43978
-0.43911
-0.43846
-0.43793
-0.43736
-0.43687
-0.4364
-0.43596
-0.43547
-0.43515
-0.43479
-0.43456
-0.43444
-0.4346
-0.43494
-0.43543
-0.43623
-0.43709
-0.43805
-0.43898
-0.43955
-0.43929
-0.43795
-0.43517
-0.43073
-0.42452
-0.41648
-0.40662
-0.395
-0.3818
-0.36717
-0.35129
-0.33439
-0.31676
-0.29848
-0.27982
-0.26094
-0.2421
-0.22345
