0.020280469208955765
-0.0012691359734162688
-0.0012691359734162688
-0.0012691359734162688
-0.0012691359734162688
-0.0015253463061526418
-0.002079619560390711
-0.0023558868560940027
-0.0061209071427583694
-0.0012691359734162688
-0.0012691359734162688
-0.007345507387071848
-0.006193960085511208
-0.006800368893891573
-0.006172130815684795
-0.0012691359734162688
-0.0012691359734162688
-0.006585443392395973
-0.0012691359734162688
-0.0012691359734162688
-0.0012691359734162688
-0.0012691359734162688
0.017608938738703728
0.03520437702536583
0.017006533220410347
0.01797492243349552
0.01673954725265503
0.017517898231744766
-0.0012691359734162688
-0.0012691359734162688
-0.0012691359734162688
-0.0012691359734162688
-0.010884297080338001
-0.027305202558636665
-0.04795284941792488
-0.048809561878442764
-0.055350158363580704
-0.05643484741449356
-0.05325760692358017
-0.057066768407821655
-0.07106620073318481
-0.08687517046928406
-0.09786868840456009
-0.10826445370912552
-0.11344124376773834
-0.14393086731433868
-0.159073606133461
-0.1452540159225464
-0.15001267194747925
-0.14141525328159332
-0.13915185630321503
-0.15814217925071716
-0.1600380837917328
-0.16441141068935394
-0.1675768345594406
-0.1569015383720398
-0.15978936851024628
-0.19200588762760162
-0.1909976601600647
-0.18949605524539948
-0.19564507901668549
-0.25668394565582275
-0.34988266229629517
-0.2355341613292694
-0.19835247099399567
-0.20291030406951904
-0.21344304084777832
-0.19973976910114288
-0.20367173850536346
-0.20026759803295135
-0.1935446709394455
-0.20148518681526184
-0.18161380290985107
-0.1860034316778183
-0.18461835384368896
-0.17912264168262482
-0.1787579208612442
-0.20386795699596405
-0.2467617392539978
-0.22783119976520538
-0.22945962846279144
-0.2351771891117096
-0.2344987690448761
-0.21056054532527924
-0.21504679322242737
-0.19752103090286255
-0.18894077837467194
-0.1880575716495514
-0.17823320627212524
-0.17441684007644653
-0.17835234105587006
-0.17204484343528748
-0.17536161839962006
-0.17703670263290405
-0.17595012485980988
-0.18162839114665985
-0.17692849040031433
-0.18362875282764435
-0.1922212392091751
-0.19104070961475372
-0.21145710349082947
-0.2733727693557739
-0.45551949739456177
-0.40812766551971436
-0.36287036538124084
-0.2390090972185135
-0.2870829701423645
-0.32849740982055664
-0.35378989577293396
-0.2489139288663864
-0.24623523652553558
-0.2125857025384903
-0.21597331762313843
-0.19954214990139008
-0.1863800287246704
-0.17349541187286377
-0.1860051453113556
-0.19630855321884155
-0.2090064138174057
-0.19721384346485138
-0.21775397658348083
-0.21110624074935913
-0.1935708224773407
-0.18211913108825684
-0.17166456580162048
-0.17486023902893066
-0.16069675981998444
-0.13291658461093903
-0.165651336312294
