-0.05011575669050217
-0.050259627401828766
-0.06985677778720856
-0.08922164887189865
-0.11028379201889038
-0.11475647240877151
-0.12182877212762833
-0.12246451526880264
-0.12449023872613907
-0.1410096138715744
-0.15288202464580536
-0.17266057431697845
-0.18717697262763977
-0.19873282313346863
-0.1978175789117813
-0.21073774993419647
-0.22313590347766876
-0.23389039933681488
-0.24893999099731445
-0.2652703821659088
-0.2816742956638336
-0.2862623333930969
-0.28873470425605774
-0.2848123013973236
-0.2741919457912445
-0.2748475968837738
-0.2948002517223358
-0.3355708122253418
-0.39735597372055054
-0.4144776165485382
-0.4482211470603943
-0.470554381608963
-0.5010143518447876
-0.5258280634880066
-0.5242612957954407
-0.5320916771888733
-0.5185813903808594
-0.513210117816925
-0.5231521129608154
-0.5689400434494019
-0.6314898133277893
-0.670592725276947
-0.7002325654029846
-0.745638370513916
-0.7505723834037781
-0.756912887096405
-0.7561755776405334
-0.7475237846374512
-0.7511066198348999
-0.7471122741699219
-0.7412837743759155
-0.7376916408538818
-0.7143878936767578
-0.6822679042816162
-0.652512788772583
-0.6246340870857239
-0.5966771841049194
-0.5660890340805054
-0.5526046752929688
-0.5465683341026306
-0.5424218773841858
-0.5386895537376404
-0.5367439985275269
-0.5334998369216919
-0.5225961804389954
-0.5112863183021545
-0.50576251745224
-0.4997027516365051
-0.49310874938964844
-0.48277780413627625
-0.47588256001472473
-0.4695318937301636
-0.4638931453227997
-0.45190098881721497
-0.4361597001552582
-0.41944676637649536
-0.4026838541030884
-0.3807549476623535
-0.36065903306007385
-0.34401068091392517
-0.33969342708587646
-0.3349704444408417
-0.32401949167251587
-0.3230246305465698
-0.32153239846229553
-0.3173852562904358
-0.3151724338531494
-0.3179207146167755
-0.3076610863208771
-0.29439616203308105
-0.2881006896495819
-0.2769566774368286
-0.26198676228523254
-0.2507258951663971
-0.24049516022205353
-0.22894006967544556
-0.20029787719249725
-0.1550017148256302
-0.0675676167011261
0.051030755043029785
0.1542544960975647
0.18486787378787994
0.18379159271717072
0.18549008667469025
0.17810195684432983
0.1586916297674179
0.15162748098373413
0.13834233582019806
0.1385480910539627
0.1484910547733307
0.14712418615818024
0.1419672816991806
0.1441723257303238
0.13547523319721222
0.13209058344364166
0.1386614441871643
0.13000935316085815
0.13302713632583618
0.14594611525535583
0.14772608876228333
0.17080609500408173
0.1919969767332077
0.19563552737236023
0.1968572735786438
0.18868719041347504
0.1848861426115036
0.1794627457857132
0.17122824490070343
0.15721341967582703
