0.0198111981153
0.0183273199946
0.0318495593965
0.0363713353872
0.0362846255302
0.0342588834465
0.0326177813113
0.031974837184
0.032642710954
0.0315525978804
0.0287016145885
0.0276657380164
0.028165910393
0.0291769169271
0.0296058468521
0.0299001410604
0.0284124873579
0.0241379551589
0.0208715870976
0.018228918314
0.0142539162189
0.00941471010447
0.00566415442154
0.00184055743739
-0.00206548627466
-0.00544884474948
-0.00945780612528
-0.0153778865933
-0.0203070305288
-0.0245093870908
-0.026716157794
-0.0286552980542
-0.03193224594
-0.0380131676793
-0.0433287136257
-0.0491871088743
-0.053014587611
-0.0564115047455
-0.0598148293793
-0.0618695169687
-0.0650516152382
-0.0677413642406
-0.071048617363
-0.0798601135612
-0.0921334773302
-0.109329082072
-0.12554512918
-0.139664262533
-0.150093987584
-0.158517211676
-0.164620697498
-0.168497636914
-0.167898699641
-0.169936925173
-0.168900489807
-0.168033733964
-0.166066214442
-0.163596153259
-0.162921085954
-0.165927127004
-0.172260925174
-0.178439468145
-0.181628271937
-0.183571517467
-0.185818597674
-0.190284386277
-0.194958373904
-0.198772221804
-0.201152727008
-0.201850771904
-0.200324341655
-0.195919826627
-0.192011609674
-0.188937708735
-0.186462879181
-0.186689972878
-0.189948499203
-0.192008107901
-0.192969411612
-0.192528828979
-0.19058033824
-0.187363773584
-0.185587689281
-0.185722112656
-0.187027007341
-0.188996881247
-0.189540237188
-0.190370261669
-0.192315965891
-0.194022715092
-0.196521967649
-0.201393038034
-0.207994610071
-0.216340199113
-0.226660862565
-0.240893244743
-0.249653160572
-0.24802288413
-0.236018389463
-0.230331301689
-0.22572273016
-0.225109159946
-0.226977899671
-0.229300290346
-0.22982005775
-0.230215460062
-0.229660853744
-0.227731317282
-0.224930509925
-0.223470419645
-0.223352491856
-0.222664520144
-0.220662161708
-0.217251062393
-0.212116256356
-0.205344215035
-0.196535408497
-0.18688416481
-0.17788682878
-0.170765295625
-0.164901509881
-0.159200116992
-0.154630944133
-0.151440754533
-0.149465799332
-0.14692685008
-0.141859903932
-0.134259387851
-0.126279264688
