0
-1.7053e-16
-1.0768e-16
-1.7903e-16
-2.7548e-16
-1.7792e-16
-2.0032e-16
-2.4757e-16
-1.0261e-16
-1.1364e-16
-8.0133e-17
-1.6083e-16
-8.4838e-17
-2.2964e-16
-2.2403e-17
-1.0113e-16
-8.8583e-17
-1.0721e-16
-8.7262e-17
2.5554e-18
-5.5734e-17
7.9984e-18
-3.778e-17
-9.7933e-17
-4.534e-16
3.2002e-18
2.2562e-18
4.5121e-18
8.3102e-18
4.1131e-16
2.4136e-16
2.3886e-16
2.324e-16
2.2287e-16
3.8307e-16
3.7511e-16
2.003e-16
1.9828e-16
3.6817e-16
2.1446e-16
-2.6608e-17
-2.6391e-16
-1.8961e-17
-2.322e-16
-7.1428e-18
-2.1651e-16
-1.7198e-16
-2.0222e-16
-1.6258e-16
4.2052e-16
2.4979e-16
4.1764e-16
2.4117e-16
2.3044e-16
2.172e-16
3.7485e-16
3.1212e-16
-3.7289e-17
-2.5408e-16
-3.2226e-17
-2.4738e-17
-1.3205e-17
-1.8368e-19
1.082e-17
1.7516e-17
-1.9878e-16
1.6033e-17
1.0059e-17
-2.138e-16
-2.185e-16
-2.2154e-16
-2.2165e-16
-4.6033e-19
0.00026542
0.0006003
0.00094721
0.0012895
0.001693
0.0022575
0.002832
0.0033752
0.0041788
0.0053381
0.0066618
0.0079558
0.0092195
0.010716
0.012497
0.014237
0.015976
0.017933
0.020343
0.022886
0.025322
0.027743
0.03039
0.033261
0.036118
0.038825
0.04206
0.045584
0.049151
0.052595
0.055953
0.059671
0.063507
0.06722
0.070986
0.075047
0.079327
0.083517
0.087473
0.091538
0.095808
0.099996
0.10406
0.10819
0.11259
0.11702
0.12136
0.12544
0.12963
0.13382
0.13784
0.14166
0.14584
0.15007
0.15418
0.15838
0.16243
0.16636
0.17021
0.17382
0.17754
0.18141
0.18527
0.18917
0.19312
0.19663
0.2002
0.20356
0.20677
0.21005
0.21349
0.21683
0.22081
0.22376
0.22681
0.22977
0.23251
0.23518
0.23806
0.24094
0.24436
0.24678
0.24954
0.25202
0.25429
0.25631
0.25863
0.26101
0.26324
0.26567
0.26815
0.27014
0.27204
0.27369
0.27541
0.27731
0.2792
0.28106
0.2834
0.28482
0.28635
0.2877
0.28889
0.29016
0.29157
0.2929
0.29494
0.29601
0.29713
0.2982
0.29905
0.29992
0.30101
0.30207
0.3036
0.30467
0.30549
0.30631
0.30693
0.30745
0.30818
0.309
0.31004
0.31117
0.31164
0.31221
0.3127
0.31298
0.3133
0.31394
0.31456
0.31499
0.31619
0.31643
0.31676
0.31692
0.31695
0.31719
0.31754
0.31778
0.31854
0.31874
0.31886
0.31895
0.31881
0.3189
0.31917
0.31941
0.31989
0.32026
0.32035
0.32043
0.32033
0.32025
0.32036
0.32055
0.32077
0.3213
0.3212
0.32127
0.32122
0.32105
0.32095
0.32109
0.32122
0.32194
0.32173
0.3217
0.3216
0.32134
0.32096
0.3209
0.32091
0.32135
0.32102
0.3211
0.32097
0.32071
0.3203
0.32021
0.32028
0.32058
0.32033
0.32067
0.32059
0.32045
0.32013
0.31987
0.31996
0.32003
0.31994
0.32046
0.32027
0.3202
0.31998
0.3197
0.31966
0.31976
0.31975
0.3202
0.32008
0.31996
0.31978
0.31938
0.31915
0.31911
0.31905
0.31923
0.31922
0.31904
0.31888
0.31854
0.31827
0.31824
0.31828
0.31836
0.31869
0.3185
0.31846
0.31827
0.31802
0.31792
0.31799
0.31798
0.31853
0.3183
0.31825
0.31816
0.31791
0.31772
0.31778
0.31787
0.31834
0.31836
0.31824
0.31816
0.31789
0.31751
0.31744
0.31745
0.31767
0.3178
0.3176
0.31749
0.31727
0.31693
0.31675
0.31685
0.31695
0.31748
0.31726
0.31722
0.31714
0.31691
0.3167
0.31675
0.31686
0.31743
0.3172
0.31724
0.31719
0.31701
0.3167
0.31674
0.3169
0.31696
0.31722
0.31746
0.31742
0.31729
0.31689
0.31619
0.31561
0.31495
0.31424
0.31363
0.31236
0.31109
0.30965
0.30797
0.30606
0.30419
0.30219
0.30065
0.29825
0.29575
0.29318
0.29044
0.28751
0.28441
0.28128
0.27841
0.27518
0.27166
0.26807
0.26442
0.26066
0.25681
0.25287
0.24903
0.24516
0.24097
0.23669
0.23233
0.22791
0.22342
0.21888
0.21433
0.2099
0.20527
0.20065
0.19604
0.19146
0.1869
0.18238
