0.02037225477397442
-0.0012691359734162688
-0.0012691359734162688
-0.0012691359734162688
-0.0012691359734162688
-0.0012691359734162688
-0.0012691359734162688
-0.0012691359734162688
-0.0012691359734162688
-0.0012691359734162688
-0.0012691359734162688
-0.0012691359734162688
-0.0012691359734162688
-0.0012691359734162688
-0.0012691359734162688
-0.0012691359734162688
-0.0012691359734162688
-0.0012691359734162688
-0.0012691359734162688
-0.0012691359734162688
-0.0012691359734162688
-0.0012691359734162688
-0.0012691359734162688
-0.0012691359734162688
-0.0012691359734162688
-0.0012691359734162688
-0.0012691359734162688
-0.0012691359734162688
-0.0012691359734162688
-0.0012691359734162688
-0.0012691359734162688
-0.0012691359734162688
-0.0012691359734162688
-0.0012691359734162688
-0.0012691359734162688
-0.0012691359734162688
-0.0012691359734162688
-0.0012691359734162688
-0.0012691359734162688
-0.0012691359734162688
0.0011956071248278022
-0.0006587955285795033
-0.0012691359734162688
-0.0012691359734162688
-0.0012691359734162688
-0.0012691359734162688
-0.0012691359734162688
-0.0012691359734162688
-0.0012691359734162688
-0.0012691359734162688
-0.0012691359734162688
-0.0012691359734162688
-0.0012691359734162688
-0.0012691359734162688
-0.0012691359734162688
-0.0012691359734162688
-0.0012691359734162688
0.012106738053262234
0.01222249399870634
-0.0012691359734162688
-0.0012691359734162688
-0.0012691359734162688
-0.0012691359734162688
-0.0012691359734162688
-0.0012691359734162688
-0.0012691359734162688
-0.0012691359734162688
0.001075160806067288
0.008988377638161182
0.004062380641698837
-5.239620804786682e-06
0.002321715699508786
-0.0012691359734162688
-0.0012691359734162688
-0.0012691359734162688
-0.0012691359734162688
-0.0012691359734162688
-0.0012691359734162688
-0.0012691359734162688
-0.0012691359734162688
-0.0012691359734162688
-0.0012691359734162688
-0.0012691359734162688
-0.0012691359734162688
-0.0012691359734162688
-0.0012691359734162688
-0.0012691359734162688
-0.0012691359734162688
-0.0012691359734162688
-0.0012691359734162688
-0.0012691359734162688
-0.0012691359734162688
0.006395983975380659
0.004709474742412567
0.0005362019874155521
-0.0012691359734162688
0.0064991069957613945
0.004612346179783344
0.007095456589013338
0.006809672340750694
0.004972486756742001
0.004815311636775732
0.008100077509880066
0.00795768853276968
0.007751902565360069
0.008354883641004562
0.01015554554760456
0.010146713815629482
0.009018613025546074
0.008394940756261349
0.010733255185186863
0.010132432915270329
0.009443658404052258
0.010256887413561344
0.011750631965696812
0.012939603999257088
0.014005951583385468
0.014558333903551102
0.014704158529639244
0.015095511451363564
0.021463187411427498
0.02668246254324913
0.027921931818127632
0.027265135198831558
0.02730647288262844
0.030139049515128136
0.03424853831529617
0.03550708666443825
0.04885546863079071
0.05310400575399399
0.060416728258132935
0.059855714440345764
0.06029548496007919
0.05672725290060043
0.056547194719314575
0.055213965475559235
0.058861542493104935
0.05927436798810959
0.06078939139842987
0.06185854226350784
0.06307988613843918
0.06373745948076248
0.06402651965618134
0.06401661783456802
0.06618662178516388
0.08563605695962906
0.0779723972082138
0.0675714835524559
0.06685815751552582
0.06749087572097778
0.06793953478336334
0.07083065062761307
0.07136677950620651
0.07489094883203506
0.07595956325531006
0.0784977450966835
0.07996584475040436
0.08160529285669327
0.08151615411043167
0.08303669840097427
0.08564390987157822
0.08911514282226562
0.08967483788728714
0.09112740308046341
0.08970233052968979
0.09290722757577896
0.09496136009693146
0.09649758785963058
0.09619323909282684
0.09731356054544449
0.09875126928091049
0.0990292876958847
0.09991222620010376
0.10097186267375946
0.10691852867603302
0.10909982770681381
0.10650104284286499
0.10821399092674255
0.10900606960058212
0.10866428166627884
0.10965639352798462
0.11147769540548325
0.1157168373465538
0.11832144856452942
0.11813094466924667
0.12076690793037415
0.11715364456176758
0.1161341667175293
0.11572108417749405
0.11659029871225357
0.12344573438167572
0.1226477399468422
0.12058015912771225
0.11779404431581497
0.117198146879673
0.11068747192621231
0.10786524415016174
0.10665400326251984
0.1074305847287178
0.10790843516588211
0.11118823289871216
0.11050010472536087
0.11016910523176193
0.11071335524320602
0.11477038264274597
0.11885450035333633
0.14213290810585022
0.14046305418014526
0.12643125653266907
0.1202891543507576
0.10922501236200333
0.10948062688112259
0.10971077531576157
0.11028909683227539
0.1105431392788887
0.11064110696315765
0.11062502861022949
0.11039930582046509
0.11038976162672043
0.11180971562862396
0.1163388267159462
0.12048724293708801
0.1210428848862648
0.12014764547348022
0.12218180298805237
0.11982041597366333
0.11617599427700043
0.11769860982894897
0.11724337190389633
0.11032570898532867
0.10908668488264084
0.10977445542812347
0.12017202377319336
0.11604694277048111
0.12144916504621506
0.11883564293384552
0.10957491397857666
0.1096605435013771
0.1090703085064888
0.10957210510969162
0.10927443206310272
0.11059828102588654
0.11341426521539688
0.11412405222654343
0.11456987261772156
0.11750545352697372
0.12100549042224884
0.12528906762599945
0.12365167587995529
0.1272587776184082
0.12299750000238419
0.12180124223232269
0.12131911516189575
0.11811927706003189
0.11555388569831848
0.13442407548427582
0.13645701110363007
0.13498905301094055
0.1236005499958992
0.11718736588954926
0.12111182510852814
0.12353723496198654
0.11035202443599701
0.11291413754224777
0.12239723652601242
0.12424395978450775
0.12039029598236084
0.1255158931016922
0.12069442868232727
0.12515127658843994
0.13334521651268005
0.1342039555311203
0.11858052015304565
0.11522757261991501
0.12113924324512482
0.11904484778642654
0.11776088178157806
0.11802364885807037
0.12332416325807571
0.12810853123664856
0.13295817375183105
0.1351572722196579
0.13595402240753174
0.12474069744348526
0.1253378838300705
0.12444959580898285
0.12652678787708282
0.11671901494264603
0.10801073908805847
0.10711347311735153
0.09974728524684906
0.09639154374599457
0.09707921743392944
0.10451927781105042
0.10276275128126144
0.0941300317645073
0.09103308618068695
0.08721552789211273
0.08733315020799637
0.08379007130861282
0.08984563499689102
0.09391289204359055
0.09832338988780975
0.09543179720640182
0.09464859962463379
0.09652738273143768
0.10568917542695999
0.1046110987663269
0.11343622207641602
0.11015079915523529
0.10971386730670929
0.10566595941781998
0.10303816199302673
0.114825539290905
0.12668605148792267
0.11610499024391174
0.1230493113398552
0.12280457466840744
0.12260470539331436
0.12392669171094894
0.12873703241348267
0.12612827122211456
0.12808482348918915
0.1265462040901184
0.12566745281219482
0.13006897270679474
0.12796750664710999
0.1261986494064331
0.12595199048519135
0.1271950751543045
0.12636300921440125
0.12496946007013321
0.12724271416664124
0.12785880267620087
0.1310935765504837
0.13009986281394958
0.13188886642456055
0.1287999004125595
0.12396491318941116
0.12504707276821136
0.12584838271141052
0.12575407326221466
0.11737769842147827
0.1251324862241745
0.12446418404579163
0.12470173835754395
0.12635046243667603
0.1275278478860855
0.12825864553451538
0.12704408168792725
0.12726958096027374
0.1254860758781433
0.12295383960008621
0.1233559176325798
0.1277220994234085
0.1219598576426506
0.11007632315158844
0.1192687600851059
0.1057407483458519
0.10814110934734344
0.10663481801748276
0.10565298795700073
0.10593199729919434
0.1043357402086258
0.10164803266525269
0.09957599639892578
0.09975837171077728
0.10076650232076645
0.09899872541427612
0.09735216200351715
0.09395599365234375
0.09240344911813736
0.08578862249851227
0.08146850764751434
0.08069802075624466
0.07917392998933792
0.07702191174030304
0.0741300880908966
0.06820684671401978
0.0694742500782013
0.06876814365386963
0.06835956126451492
0.0694485530257225
0.06774907559156418
0.06528788059949875
0.06443406641483307
0.06473042815923691
0.06356532126665115
