0.13501226902008057
0.13467124104499817
0.13477414846420288
0.13673363626003265
0.13896296918392181
0.13965898752212524
0.13980728387832642
0.1287064254283905
0.11765468865633011
0.1168360784649849
0.11836706101894379
0.12159421294927597
0.12490372359752655
0.12898720800876617
0.1347074955701828
0.1383412480354309
0.144975483417511
0.1532023698091507
0.16360442340373993
0.17070508003234863
0.17763970792293549
0.18095485866069794
0.18624964356422424
0.19401001930236816
0.19886542856693268
0.20462973415851593
0.20876562595367432
0.21040776371955872
0.20887258648872375
0.20963838696479797
0.21011777222156525
0.2083929181098938
0.20506110787391663
0.20600813627243042
0.20666903257369995
0.20712721347808838
0.2022523432970047
0.19785919785499573
0.19059444963932037
0.19296662509441376
0.1988014131784439
0.2038276046514511
0.20760689675807953
0.20704488456249237
0.20335617661476135
0.20164327323436737
0.19878533482551575
0.1889464259147644
0.1782032549381256
0.1642952859401703
0.14606869220733643
0.12400529533624649
0.1055222898721695
0.08503270894289017
0.0731833204627037
0.0635664090514183
0.06092517822980881
0.05581561475992203
0.05314140394330025
0.0544319711625576
0.060139089822769165
0.06322945654392242
0.06721362471580505
0.07539620250463486
0.07667754590511322
0.08025630563497543
0.08170725405216217
0.08361809700727463
0.0885002389550209
0.08855883032083511
0.09391722083091736
0.10692217200994492
0.11809691786766052
0.13222959637641907
0.14659540355205536
0.15616309642791748
0.16110365092754364
0.1660023331642151
0.16542938351631165
0.16165511310100555
0.16111359000205994
0.16074097156524658
0.16183841228485107
0.15363846719264984
0.14736798405647278
0.1413699835538864
0.13781382143497467
0.1324358582496643
0.1281392127275467
0.1238124668598175
0.12425795942544937
0.12964478135108948
0.13685981929302216
0.1476203203201294
0.16024348139762878
0.1820840984582901
0.19957101345062256
0.21492664515972137
0.23240618407726288
0.2474922388792038
0.2528681457042694
0.25711366534233093
0.262561559677124
0.2593739628791809
0.2553122341632843
0.2504940629005432
0.24421484768390656
0.24762220680713654
0.2480720579624176
0.24260707199573517
0.23540082573890686
0.22891050577163696
0.22450844943523407
0.22516074776649475
0.21805492043495178
0.221522718667984
0.22596007585525513
0.2304030954837799
0.23879960179328918
0.2440539449453354
0.24934685230255127
0.25924578309059143
0.26262280344963074
0.27200162410736084
0.2843452990055084
0.29276567697525024
0.29478418827056885
0.2982714772224426
0.3015097975730896
0.3027068078517914
0.30135852098464966
0.2988022565841675
0.29255780577659607
0.28809666633605957
0.28852379322052
0.29094433784484863
0.29318660497665405
0.29845625162124634
0.3041923940181732
0.31262466311454773
0.3172461986541748
0.3269534111022949
0.3312874138355255
0.3307577669620514
0.32980918884277344
0.3278278112411499
0.32663145661354065
0.32403528690338135
0.3230396807193756
0.32822248339653015
0.335846871137619
0.34425216913223267
0.35245534777641296
0.35727062821388245
0.3601161539554596
0.36165177822113037
0.36343619227409363
0.3640787899494171
0.3640381991863251
0.3665209412574768
0.3676879405975342
0.3643137216567993
0.35784509778022766
0.35784852504730225
0.36440661549568176
0.3701649308204651
0.3812808394432068
0.3861704468727112
0.38608723878860474
0.38197240233421326
0.37529486417770386
0.3680709898471832
0.35724714398384094
0.35165920853614807
0.3502563238143921
0.3518125116825104
0.3572404086589813
0.3577769100666046
0.3613123595714569
0.3619392216205597
0.3595432937145233
0.3578760027885437
0.3495589792728424
0.34459826350212097
0.3410293757915497
0.3398953080177307
0.3439302146434784
0.34504202008247375
0.3458499610424042
0.34368741512298584
0.34152311086654663
0.33955034613609314
0.3394598066806793
0.33823418617248535
0.3393438160419464
0.3382543623447418
0.3355616331100464
0.3369244635105133
0.3339267075061798
0.33353719115257263
0.3404013514518738
0.3387419283390045
0.34117820858955383
0.34172874689102173
0.3458653390407562
0.3465782105922699
0.34550365805625916
0.34936898946762085
0.351412296295166
0.35215145349502563
0.3522275388240814
0.35864102840423584
0.35571858286857605
0.35371628403663635
0.3575596809387207
0.3565772473812103
0.3539229929447174
0.34489861130714417
0.33407437801361084
0.3330620229244232
0.3277161717414856
0.32487815618515015
0.3232596218585968
0.32156848907470703
0.3194223642349243
0.3225725591182709
0.32356685400009155
0.3264691233634949
0.3335556983947754
0.33880022168159485
0.3416613042354584
0.3447771668434143
0.34798771142959595
0.3541809916496277
0.3531402051448822
0.3472820818424225
0.348401814699173
0.34219950437545776
0.33816561102867126
0.3391384184360504
0.33963361382484436
0.33636343479156494
0.33191007375717163
0.3292226791381836
0.3211801052093506
0.31975629925727844
0.31637948751449585
0.31761792302131653
0.3168219029903412
0.31633681058883667
0.311546266078949
0.31064432859420776
0.3102952539920807
0.30640605092048645
0.3020303547382355
0.2946479022502899
0.28656110167503357
0.2838594913482666
0.2782318890094757
0.27500680088996887
0.2743471562862396
0.271176815032959
0.27254170179367065
0.2755128741264343
0.27922573685646057
0.2835923731327057
0.28708311915397644
0.29434314370155334
0.2973903715610504
0.30053555965423584
0.3051187992095947
0.3111504018306732
0.3184806704521179
0.3229523301124573
0.3279147744178772
0.32474762201309204
0.3207511603832245
0.3221753239631653
0.3248189389705658
0.32414501905441284
0.31984832882881165
0.3157365918159485
0.31201720237731934
0.3113066554069519
0.30994951725006104
0.3062521815299988
0.3026277422904968
0.2960282266139984
0.2917472720146179
0.2823372483253479
0.27683913707733154
0.2734401524066925
0.2734791040420532
0.27391257882118225
0.2757963538169861
0.2783524990081787
0.27887773513793945
0.2802630662918091
0.2815118730068207
0.2795000672340393
0.2801024615764618
0.2759186029434204
0.27014097571372986
0.2652023136615753
0.25590595602989197
0.2485824078321457
0.2447778433561325
0.2373078614473343
0.23177604377269745
0.22818195819854736
0.22592958807945251
0.21944093704223633
0.21708491444587708
0.21439257264137268
0.20888249576091766
0.20981353521347046
0.21347810328006744
0.21621476113796234
0.2228584885597229
0.23316194117069244
0.23923371732234955
0.2427825927734375
0.2441205531358719
0.24065065383911133
0.24455955624580383
0.23882028460502625
0.23592349886894226
0.23586516082286835
0.24042189121246338
0.2446289360523224
0.2437843382358551
0.24217566847801208
0.24290738999843597
0.2436698079109192
0.24520660936832428
0.24626775085926056
0.24408972263336182
0.24132327735424042
0.2490970939397812
0.2546413838863373
0.2597372233867645
0.2700793445110321
0.2714947462081909
0.27866309881210327
0.27811360359191895
0.27908530831336975
0.2778029441833496
0.27585482597351074
0.2708132565021515
0.26324206590652466
0.2577643394470215
0.257886677980423
0.26409780979156494
0.26652780175209045
0.269049733877182
0.27248743176460266
0.27406367659568787
0.2759841978549957
0.2748042941093445
0.2740974724292755
0.2696648836135864
0.26463794708251953
0.2572348713874817
0.25376370549201965
0.24911539256572723
0.2444755733013153
0.24256819486618042
0.23656196892261505
0.23059722781181335
0.22321289777755737
0.2172827273607254
0.21215945482254028
0.2049608677625656
0.19968773424625397
0.19245608150959015
0.18222442269325256
0.17126499116420746
0.16323082149028778
0.15361544489860535
0.14666087925434113
0.13758131861686707
0.13037274777889252
0.12539590895175934
0.11719211935997009
0.11224852502346039
0.11072944104671478
0.10667457431554794
0.10603513568639755
