0.0196348726749
0.0167094804347
0.0263417903334
0.0317664705217
0.033530715853
0.032482933253
0.0298966355622
0.0263241939247
0.0226277764887
0.0188160073012
0.0156325101852
0.0143023561686
0.0141283404082
0.0139517467469
0.014244588092
0.014089319855
0.0131554659456
0.0131311137229
0.0140007156879
0.0151755381376
0.0160743258893
0.0151666142046
0.0137218236923
0.0125906467438
0.0117487888783
0.0102125369012
0.00934718176723
0.00878887623549
0.00806590914726
0.00860753469169
0.00949246995151
0.0104461684823
0.0111233945936
0.0114497821778
0.0120110567659
0.012511536479
0.0132931564003
0.014412868768
0.0149725005031
0.0159582216293
0.0171246789396
0.0182854924351
0.0197081118822
0.0211410690099
0.0218529067934
0.0216793324798
0.0211226213723
0.0200649853796
0.018496863544
0.0170785877854
0.0163916330785
0.0161997508258
0.0171508230269
0.0190510749817
0.0198903866112
0.0199324619025
0.0195716824383
0.0184522867203
0.0175251904875
0.0166691560298
0.0157564431429
0.0144844409078
0.0134344529361
0.0115090142936
0.00970541127026
0.00888645462692
0.0106153506786
0.013749582693
0.0161528866738
0.0185617823154
0.0209405925125
0.0227266065776
0.0245274491608
0.0259568803012
0.0258043408394
0.0241388659924
0.0222036931664
0.0192293245345
0.0169855542481
0.0145678408444
0.0123200174421
0.0105309970677
0.00856029242277
0.00599096296355
0.00379116320983
0.00168207893148
-0.000126724597067
-0.00138874282129
-0.00245298468508
-0.00270251743495
-0.00216368888505
0.0004648338072
0.00438079191372
0.00735618406907
0.0107395146042
0.0146016869694
0.0189340095967
0.0222203005105
0.0248745009303
0.0265619754791
0.0274229124188
0.027847237885
0.0281473994255
0.0281327813864
0.0275533869863
0.0268440842628
0.0261112954468
0.0255103427917
0.0262146089226
0.0249443091452
0.0239570252597
0.0249614212662
0.0269864834845
0.028771545738
0.0302777253091
0.0313835479319
0.0320449620485
0.033268366009
0.0351372845471
0.0361894257367
0.0361658707261
0.0360985957086
0.0362349897623
0.0362691171467
0.0364228487015
0.03752592206
0.0388738512993
0.0396600738168
0.0402875170112
0.0412347689271
0.0430733859539
0.046008143574
0.0493571907282
0.0525368750095
0.0553473159671
0.0575888380408
0.0601008459926
0.0629183426499
0.0656336992979
0.0688170418143
0.0710171163082
0.073257997632
0.0761631503701
0.0791311487556
0.0819709151983
0.0847708508372
0.0858540311456
0.0864611193538
0.0873142555356
0.0881671682
0.0899266302586
0.0918458849192
0.0935694277287
0.0951038971543
0.096767321229
0.0981775149703
0.0994712263346
0.10019916296
0.100789196789
0.100068382919
0.0981265977025
0.0956775248051
0.0942490398884
0.0930226221681
0.091377235949
0.0903226435184
0.0894362777472
0.0888054668903
0.0878977626562
0.0872381553054
0.0869392976165
0.0863039046526
0.0860052853823
0.0862129181623
0.0871211662889
0.0885078459978
0.0912350714207
0.0938891991973
0.097215950489
0.101259440184
0.10528267175
0.109026372433
0.112140908837
0.114969521761
0.117496028543
0.119443558156
0.120150640607
0.119468457997
0.117979861796
0.116987317801
0.116690173745
0.116162799299
0.116268493235
0.115585781634
0.114922456443
0.114226877689
0.114059127867
0.114434272051
0.11409393698
0.114488810301
0.116422124207
0.119551025331
0.122286967933
0.123717419803
0.123898528516
0.123798765242
0.123196415603
0.123938836157
0.126210391521
0.129101023078
0.131335198879
0.13348133862
0.134398788214
0.135543853045
0.136892303824
0.137752011418
0.137754201889
0.136308342218
0.135248765349
0.133954793215
0.132629916072
0.131248369813
0.129704654217
0.128073453903
0.126554384828
0.125185951591
0.125199392438
0.12643802166
0.129251927137
0.131739556789
0.134083375335
0.136385798454
0.138261467218
0.139567598701
0.140776708722
0.140978813171
0.140932679176
0.141428604722
0.14280860126
0.145082771778
0.147777184844
0.150122225285
0.151994660497
0.153980255127
0.156209766865
0.156906962395
0.156612485647
0.157125040889
0.157891824841
0.158224791288
0.158659905195
0.158188909292
0.157491892576
0.158068627119
0.158551231027
0.158597260714
0.158641129732
0.15956646204
0.160582110286
0.160419866443
0.158483639359
0.155421882868
0.150956407189
0.148427128792
0.148905977607
0.148978114128
0.150001227856
0.152122110128
0.153460860252
0.155819028616
0.158236652613
0.157910883427
0.156040102243
0.154718324542
0.153773933649
0.153318464756
0.154419973493
0.155653446913
0.155519738793
0.151701003313
0.147090211511
0.142871186137
0.140148341656
0.13889580965
0.137725546956
0.13876183331
0.13897266984
0.137075856328
0.132343247533
0.130047366023
0.131404802203
0.137293547392
0.141204312444
0.139207586646
0.138645872474
0.141365513206
0.146936491132
0.154923915863
0.158498764038
0.154200077057
0.147794932127
0.143928349018
0.144325450063
0.145422175527
0.143770471215
0.142316922545
0.142129078507
0.140801846981
0.13864274323
0.136321052909
0.135156959295
0.136062219739
0.137512281537
0.13795684278
0.138657063246
0.139239385724
0.139708355069
0.140589058399
0.142253115773
0.143550232053
0.144458502531
0.147830173373
0.152839452028
0.157327607274
0.161039099097
0.163296163082
0.163689106703
0.162329092622
0.160050719976
0.157449945807
0.154919102788
0.153630316257
0.153615817428
0.154886186123
0.157032594085
0.160083308816
0.163541421294
0.166213288903
0.167821183801
0.168367192149
0.168008223176
0.167567104101
0.16893081367
0.170628070831
0.171529486775
0.171909585595
0.171078190207
0.169917330146
0.169398263097
0.168473884463
0.166960164905
0.16583648324
0.164759159088
0.164178401232
0.164077043533
0.163724809885
0.162253811955
0.160435974598
0.159278273582
0.157516419888
0.154844105244
0.151500433683
0.148302182555
0.146358430386
0.145420134068
0.143741041422
0.140412852168
0.137058377266
0.134160757065
0.132199883461
0.131160631776
0.129410684109
0.127344056964
0.124957345426
0.122972987592
0.120936177671
0.118803240359
0.116874150932
0.115116260946
0.112963683903
0.111300691962
0.110410138965
0.109911181033
0.108484305441
0.10713121295
0.106288298965
0.104653924704
0.10170212388
