0
-2.7768e-16
-2.7578e-16
-2.1625e-16
-2.1321e-16
-9.9023e-17
-3.8152e-16
2.4939e-17
-7.9888e-17
-1.6847e-16
3.0165e-17
-3.1124e-16
2.0017e-17
-5.9993e-17
-3.4957e-17
-6.5147e-17
-8.5187e-17
-2.1115e-16
-2.1187e-16
-1.6571e-16
2.3863e-16
2.4275e-16
2.4697e-16
2.4656e-16
2.6037e-16
2.2766e-16
3.3029e-16
2.0281e-16
1.9479e-16
1.9038e-16
1.8966e-16
1.9231e-16
1.9706e-16
2.0244e-16
3.2303e-16
3.2629e-16
2.1178e-16
2.1042e-16
2.0657e-16
2.0232e-16
-3.0889e-17
-3.1716e-17
-3.0436e-17
-2.5854e-17
-1.8012e-17
-8.7212e-18
-1.1646e-19
0.00025234
0.00068548
0.0011659
0.0018339
0.0026322
0.0034486
0.0043644
0.0053123
0.0062366
0.0072642
0.0085847
0.01033
0.01215
0.014194
0.016488
0.018782
0.021175
0.023615
0.025946
0.028284
0.030849
0.033749
0.03659
0.039575
0.042719
0.045727
0.048757
0.051759
0.054532
0.057194
0.059969
0.062931
0.065829
0.068747
0.071737
0.074585
0.077346
0.080036
0.082481
0.084764
0.087029
0.089349
0.091726
0.09399
0.09629
0.098563
0.10065
0.10266
0.10454
0.10616
0.10773
0.10928
0.11098
0.11263
0.1143
0.11604
0.11764
0.11915
0.12058
0.12175
0.12281
0.1237
0.12479
0.12582
0.12676
0.12789
0.12886
0.12967
0.13059
0.13123
0.13168
0.13211
0.13279
0.13336
0.13386
0.1346
0.13515
0.13553
0.13605
0.1363
0.13634
0.13641
0.1366
0.13682
0.13703
0.13737
0.13766
0.13786
0.13808
0.13816
0.13805
0.13795
0.13782
0.13784
0.13794
0.13805
0.13824
0.13843
0.13856
0.13863
0.13858
0.13844
0.13817
0.13809
0.13814
0.13811
0.1382
0.13831
0.13829
0.13831
0.1382
0.13795
0.13762
0.1375
0.13752
0.13748
0.13761
0.13774
0.13775
0.13782
0.13775
0.1375
0.13723
0.13702
0.13693
0.13692
0.13696
0.13704
0.13711
0.13716
0.13714
0.13702
0.13684
0.13659
0.1365
0.13657
0.13659
0.13669
0.13684
0.13688
0.13687
0.13679
0.13659
0.13626
0.1361
0.13617
0.13614
0.13622
0.13641
0.13645
0.1365
0.13649
0.13633
0.136
0.13584
0.13593
0.1359
0.13596
0.13617
0.13622
0.13627
0.13633
0.13619
0.13592
0.1356
0.13495
0.13416
0.13322
0.13201
0.13065
0.12913
0.12736
0.12547
0.12344
0.12124
0.1189
0.11642
0.11379
0.11109
0.10829
0.1054
0.10245
0.099441
0.096393
0.093341
0.090243
0.087135
