-0.0012691359734162688
0.008700008504092693
0.0067120385356247425
0.01627124845981598
0.014010291546583176
0.015920152887701988
0.016247877851128578
0.01682431809604168
0.01649339310824871
0.018405122682452202
0.029688484966754913
0.033241547644138336
0.016927063465118408
0.012698308564722538
0.011040501296520233
0.015225833281874657
0.01645844615995884
0.012808410450816154
0.012713834643363953
0.008032040670514107
0.006673213094472885
0.004296688362956047
0.005328047089278698
-0.0012691359734162688
-0.0012691359734162688
-0.0012691359734162688
-0.0012691359734162688
-0.0012691359734162688
-0.0012691359734162688
-0.0012691359734162688
-0.0012691359734162688
-0.0012691359734162688
-0.0012691359734162688
-0.0012691359734162688
-0.0012691359734162688
-0.0012691359734162688
-0.0012691359734162688
0.0013855218421667814
-0.0012691359734162688
-0.0012691359734162688
0.005183687899261713
0.005302432458847761
0.009582464583218098
0.011907215230166912
0.010163350030779839
0.006124537438154221
0.010700883343815804
0.015583452768623829
0.01231249887496233
0.010396801866590977
0.0071488674730062485
0.0015884648310020566
-0.0012691359734162688
-0.0012691359734162688
-0.0012691359734162688
-0.0012691359734162688
-0.0012691359734162688
0.004072875250130892
0.008002405986189842
0.009127877652645111
0.01153973862528801
0.015631243586540222
0.02857735939323902
0.014837255701422691
0.014834553003311157
0.012286137789487839
0.010646436363458633
0.007955833338201046
-0.0012691359734162688
-0.0012691359734162688
-0.0012691359734162688
0.0018070968799293041
0.008609442971646786
0.009393911808729172
0.007867459207773209
-0.0012691359734162688
-0.0012691359734162688
-0.0012691359734162688
-0.0012691359734162688
0.005717518273741007
0.012074476107954979
0.009321792051196098
0.01038779690861702
0.010424059815704823
0.010418596677482128
0.011395737528800964
0.009306496009230614
0.0010486821411177516
0.004636727273464203
0.012523887678980827
0.012837219052016735
0.013226102106273174
0.01345442421734333
0.013361138291656971
0.0149726253002882
0.014269998297095299
0.013181817717850208
0.013190054334700108
0.012968123890459538
0.012797048315405846
0.01301728654652834
0.016362564638257027
0.017972707748413086
0.017744142562150955
0.02294795773923397
0.024865712970495224
0.01790977269411087
0.02028881572186947
0.021046515554189682
0.016461268067359924
0.01596205309033394
0.024452518671751022
0.031080109998583794
0.02982412464916706
0.03350077569484711
0.029671944677829742
0.03173662722110748
0.03487395867705345
0.04604865238070488
0.05996974557638168
0.06279528141021729
0.06657102704048157
0.06432022154331207
0.06064389646053314
0.05521849915385246
0.05596005171537399
0.05534924939274788
0.054483793675899506
0.059209927916526794
0.05881280452013016
0.0632578507065773
0.06187828257679939
0.05949084833264351
0.055158697068691254
0.03747953474521637
0.03450845554471016
0.030672652646899223
0.032914672046899796
0.03139403462409973
0.028629884123802185
0.01610461249947548
0.012842448428273201
0.014721115119755268
0.02127806656062603
0.026249269023537636
0.02311611920595169
0.02367997169494629
0.024853726848959923
0.025092007592320442
0.02092551626265049
0.016753561794757843
0.027252530679106712
0.028363874182105064
0.028181524947285652
0.02830350399017334
0.03005104511976242
0.03084726817905903
0.031408652663230896
0.03337397798895836
0.034507445991039276
0.032106321305036545
0.0292905755341053
0.02527114748954773
0.022288348525762558
0.023111989721655846
0.022438475862145424
0.024615978822112083
0.024518823251128197
0.021106848493218422
0.021412678062915802
0.02056548185646534
0.019394401460886
0.020121145993471146
0.018315209075808525
0.01636381261050701
0.01930597610771656
0.019028084352612495
0.019253380596637726
0.01940143294632435
0.02040831372141838
0.020105142146348953
0.01954488828778267
0.02126576378941536
0.02096744254231453
0.020113931968808174
0.01916568912565708
0.01879292167723179
0.019529301673173904
0.02052428014576435
0.02312402054667473
0.022101880982518196
0.02262279763817787
0.028038999065756798
0.024096552282571793
0.023871183395385742
0.023259365931153297
0.022864658385515213
0.018917689099907875
0.01868041232228279
0.020747974514961243
0.020384442061185837
0.021858736872673035
0.02568720653653145
0.026877379044890404
0.027099594473838806
0.027438435703516006
0.02661256678402424
0.026240797713398933
0.026261530816555023
0.025876877829432487
0.02489541471004486
0.022983571514487267
0.024811116978526115
0.02652333490550518
0.028373489156365395
0.02853095345199108
0.029469432309269905
0.0289287231862545
0.02807335928082466
0.02730596624314785
0.026853512972593307
0.02517971396446228
0.02551293559372425
0.024209551513195038
0.023802287876605988
0.0258357971906662
0.02529224008321762
0.023913737386465073
0.028519559651613235
0.01619837060570717
0.015329033136367798
0.015062723308801651
0.0232990849763155
0.012950379401445389
