-0.02806185372173786
-0.03109302558004856
-0.03864099085330963
-0.05392732843756676
-0.06385081261396408
-0.07423773407936096
-0.07336371392011642
-0.06744705885648727
-0.05999718979001045
-0.05344630777835846
-0.04628720134496689
-0.04356813803315163
-0.04089689999818802
-0.04210571199655533
-0.04426223039627075
-0.04495139792561531
-0.04569021984934807
-0.04615296423435211
-0.04272837936878204
-0.042131248861551285
-0.03890596702694893
-0.03151596710085869
-0.025814801454544067
-0.023137353360652924
-0.02023542858660221
-0.02459702081978321
-0.027578335255384445
-0.02745070680975914
-0.02877863682806492
-0.026048675179481506
-0.022095127031207085
-0.01714134030044079
-0.015096377581357956
-0.012040832079946995
-0.006047867238521576
-0.004119571764022112
-0.004149334505200386
-0.0031700115650892258
-0.0028928876854479313
-0.004257157910615206
-0.007083256263285875
-0.010091127827763557
-0.003994297701865435
0.005496254190802574
0.015716707333922386
0.02492065168917179
0.03645000979304314
0.04759964719414711
0.058272622525691986
0.0637282282114029
0.06735078245401382
0.07216942310333252
0.08019505441188812
0.0858347937464714
0.09337149560451508
0.10553215444087982
0.11912460625171661
0.13452084362506866
0.13873371481895447
0.14149092137813568
0.1415466070175171
0.13752101361751556
0.13728007674217224
0.1368403136730194
0.13598552346229553
0.1380254626274109
0.13500745594501495
0.13877703249454498
0.1382690668106079
0.13421015441417694
0.12863431870937347
0.1245562732219696
0.1157926395535469
0.1072298139333725
0.1056106686592102
0.10388681292533875
0.10202372819185257
0.10326766967773438
0.10814905166625977
0.11548230051994324
0.12565654516220093
0.132191464304924
0.13762564957141876
0.14006517827510834
0.14155584573745728
0.14177104830741882
0.14902126789093018
0.14776062965393066
0.1482536494731903
0.1406615972518921
0.13659629225730896
0.13215231895446777
0.12310592085123062
0.11161965131759644
0.0998309999704361
0.08737204968929291
0.07803189754486084
0.06778965890407562
0.05795448273420334
0.05305106192827225
0.053233977407217026
0.050766222178936005
0.05403942987322807
0.05109986290335655
0.05514196306467056
0.05948588624596596
0.07246796041727066
0.09604108333587646
0.12001628428697586
0.14982260763645172
0.18029290437698364
0.18935072422027588
0.19927093386650085
0.20585931837558746
0.21436026692390442
0.21770794689655304
0.22523492574691772
0.22621025145053864
0.24152733385562897
0.25929585099220276
0.27647140622138977
0.2923538386821747
0.3073067367076874
0.3246745467185974
0.33325156569480896
0.33122867345809937
0.32633835077285767
0.32030293345451355
0.3199234902858734
0.31842514872550964
0.31059348583221436
0.30549949407577515
0.3053656220436096
0.3131767511367798
0.30726391077041626
0.31182733178138733
0.3055415451526642
0.2934514880180359
0.29719072580337524
0.2974432110786438
0.2936631739139557
0.2909071445465088
0.28231632709503174
0.2803119719028473
0.2656000256538391
0.24894478917121887
0.23082922399044037
0.21929767727851868
0.2056053727865219
0.19427590072155
0.18187598884105682
0.17187246680259705
0.1604185253381729
0.14865118265151978
0.13859134912490845
0.13551758229732513
0.1345413774251938
0.13744677603244781
0.14278367161750793
0.1520407646894455
0.1529397964477539
0.14772941172122955
0.14351695775985718
0.14137858152389526
0.15440239012241364
0.15525375306606293
0.15109652280807495
0.13861402869224548
0.12271053344011307
0.10996630042791367
0.09291808307170868
0.07647723704576492
0.07230997830629349
0.06042549014091492
0.054177407175302505
0.05542563647031784
0.051703907549381256
0.04965854436159134
0.041147954761981964
0.03165311738848686
0.026389727368950844
0.02598271332681179
0.03224927932024002
0.03913380578160286
0.0497942790389061
0.064567431807518
0.07419176399707794
0.07859838008880615
0.09525036066770554
0.11890935152769089
0.13421989977359772
0.13739989697933197
0.14256884157657623
0.14376448094844818
0.14663834869861603
0.14283327758312225
0.14370548725128174
0.1496116816997528
0.15568429231643677
0.1559789776802063
0.14262370765209198
0.12812088429927826
0.11390714347362518
0.09943131357431412
0.08884798735380173
0.08492105454206467
0.08031073212623596
0.08146604895591736
0.08003400266170502
0.07587045431137085
0.07052295655012131
0.06486023962497711
0.056670695543289185
0.04293983802199364
0.031195813789963722
0.022517994046211243
0.012372983619570732
0.007149966433644295
0.004165368154644966
0.013427508063614368
0.020971190184354782
0.023615600541234016
0.0240025632083416
0.029477858915925026
0.03796751797199249
0.04253305122256279
0.05383799597620964
0.0594378225505352
0.05438464879989624
0.04897205904126167
0.045689657330513
0.035269595682621
0.03151923418045044
0.03635311499238014
