-0.00363007886335
0.019074652344
0.0335230827332
0.0419109873474
0.0454569756985
0.0439910106361
0.0403503999114
0.0367063805461
0.0342844352126
0.0336773209274
0.0305570289493
0.0275065787137
0.0235978774726
0.0201622340828
0.0167666878551
0.0134939700365
0.0124580655247
0.011736119166
0.0104867015034
0.00881925411522
0.00816175155342
0.00887509249151
0.0104021523148
0.0117278154939
0.0121006201953
0.0120679643005
0.0125158075243
0.0128478575498
0.0124595370144
0.0116370413452
0.0115350186825
0.0116965938359
0.0113924182951
0.0107372924685
0.00970961153507
0.00782225839794
0.0068068341352
0.00657205889001
0.00608597556129
0.00519924936816
0.00426258565858
0.00392936123535
0.00395504338667
0.0038121282123
0.00359353469685
0.00337936589494
0.00378204369918
0.00374192232266
0.0033144610934
0.00313464691862
0.0028985706158
0.0020812349394
0.00113141722977
0.000910086557269
0.0013750102371
0.00211529340595
0.0040820450522
0.00598860299215
0.00860393419862
0.010724581778
0.0122070964426
0.0132366865873
0.0143028218299
0.0155694019049
0.0166304595768
0.0172065608203
0.0175933074206
0.017547050491
0.017405807972
0.0177283901721
0.0186665989459
0.0192676372826
0.0188827197999
0.0188039820641
0.0198284015059
0.0205507315695
0.0212298091501
0.0220366567373
0.0235414598137
0.0253358688205
0.027413982898
0.0303746275604
0.0329230427742
0.0353676453233
0.0377402864397
0.0408480204642
0.0419212095439
0.0389195010066
0.0355638042092
0.0334782712162
0.0325511321425
0.0316262952983
0.0303907543421
0.0287878960371
0.0282658971846
0.0283307284117
0.0296787843108
0.0300900414586
0.0296857319772
0.0309208482504
0.0316155552864
0.0349558331072
0.0398755073547
0.0429422482848
0.0465595982969
0.0503901056945
0.0518721938133
0.0542589202523
0.0575588569045
0.0613348037004
0.0654479041696
0.0691667720675
0.0721132606268
0.0739133954048
0.0759708881378
0.0786050185561
0.0811980739236
0.0829923376441
0.0840001627803
0.0838636979461
0.0828381106257
0.081324480474
0.0812655836344
0.0814846530557
0.082576841116
0.0844201147556
0.0861870273948
0.0891491696239
0.0932474955916
0.0973049476743
0.100288018584
0.102805458009
0.104218423367
0.103778414428
0.102535277605
0.101174026728
0.0995181500912
0.0978018268943
0.09533816576
0.0923334285617
0.0896470472217
0.0873359069228
0.0853421092033
0.0849275887012
0.0844851061702
0.0824898481369
0.0803887918591
0.0810201466084
0.0819732919335
0.0820763111115
0.0824721083045
0.0839737206697
0.084049127996
0.083340741694
0.082901597023
0.0821314007044
0.0808843150735
0.0810461416841
0.0811979100108
0.0806019082665
0.0794508308172
0.078353151679
0.0782351195812
0.0807690024376
0.0840827152133
0.0865640416741
0.0878724679351
0.0880734920502
0.0892944186926
0.0910400375724
0.0924600511789
0.0928864553571
0.0918353646994
0.0901219025254
0.0875056236982
0.0849693343043
0.0826798826456
0.0802122503519
0.078456915915
0.0783258229494
0.0785628259182
0.0788489058614
0.0795871093869
0.0803599655628
0.0812421217561
0.0823538303375
0.0840666890144
0.0864095985889
0.0875207111239
0.0886335521936
0.0908898562193
0.0936235189438
0.0960115417838
0.0984927788377
0.101141661406
0.10341373086
0.105464406312
0.106129489839
0.105584263802
0.104166693985
0.102518640459
0.102549239993
0.103275053203
0.104313910007
0.104905985296
0.103902131319
0.101852752268
0.0991535782814
0.0957513675094
0.0918968990445
0.0885819718242
0.0855677649379
0.0839644372463
0.0837926119566
0.0840050205588
0.0847943276167
0.0858336910605
0.0872972384095
0.089153803885
0.091844946146
0.0947206318378
0.096999026835
0.0996361374855
0.101572602987
0.103375211358
0.103336587548
0.101512774825
0.0969252511859
0.0898620188236
0.0823009461164
0.0767712146044
0.0733536183834
0.0708213970065
0.0685560926795
