0
-9.701e-17
-1.1993e-16
-3.6015e-17
-3.5863e-17
-2.0946e-17
-1.7326e-17
-8.1725e-17
-8.1309e-18
-1.0677e-16
-2.2721e-16
-2.5718e-16
9.6549e-18
-5.8668e-17
-7.1756e-17
-9.0717e-17
2.6194e-17
-0.00028233
-0.00076302
-0.001491
-0.0023799
-0.0036814
-0.00556
-0.0079605
-0.010748
-0.013872
-0.01753
-0.02187
-0.026412
-0.031306
-0.036225
-0.041775
-0.047284
-0.053032
-0.058442
-0.064046
-0.069732
-0.075295
-0.080613
-0.085509
-0.090657
-0.095427
-0.10014
-0.10421
-0.10827
-0.11204
-0.11577
-0.11896
-0.12185
-0.12449
-0.12724
-0.12948
-0.13156
-0.13311
-0.13496
-0.13638
-0.13785
-0.13871
-0.13969
-0.14052
-0.14139
-0.14189
-0.14216
-0.14249
-0.14288
-0.1431
-0.14315
-0.14302
-0.14308
-0.14308
-0.14301
-0.14269
-0.14235
-0.14229
-0.14208
-0.14189
-0.14139
-0.14118
-0.14094
-0.1408
-0.14044
-0.14007
-0.13976
-0.13964
-0.13939
-0.13909
-0.13854
-0.13855
-0.13828
-0.13824
-0.13781
-0.13733
-0.13633
-0.13507
-0.13321
-0.13094
-0.12808
-0.12479
-0.12098
-0.11678
-0.11217
-0.10725
-0.10202
-0.096582
-0.090963
-0.085228
-0.079435
-0.073637
-0.067899
-0.062272
-0.056797
-0.051514
