0.019825726747512817
-0.0009778487728908658
0.023320648819208145
0.043618712574243546
0.1395796239376068
0.15060926973819733
0.12844955921173096
0.09790714085102081
0.07505350559949875
0.03195546194911003
0.012216479517519474
0.012316676788032055
0.014480236917734146
0.01625477895140648
0.014234814792871475
0.014268580824136734
-0.0012691359734162688
-0.0012691359734162688
-0.0012691359734162688
-0.0012691359734162688
-0.0012691359734162688
-0.0012691359734162688
0.014667345210909843
-0.0012691359734162688
-0.0012691359734162688
-0.0012691359734162688
-0.0012691359734162688
-0.0012691359734162688
-0.0012691359734162688
-0.0012691359734162688
-0.0012691359734162688
-0.0012691359734162688
-0.0012691359734162688
-0.0012691359734162688
-0.0012691359734162688
-0.0012691359734162688
-0.0012691359734162688
-0.0012691359734162688
-0.0012691359734162688
-0.0012691359734162688
-0.0012691359734162688
-0.013467236422002316
-0.020168567076325417
-0.024503763765096664
-0.029416397213935852
-0.04780928045511246
-0.04255245253443718
-0.028884142637252808
-0.03373072296380997
-0.036025796085596085
-0.03997349739074707
-0.0374988354742527
-0.03114447370171547
-0.040401410311460495
-0.028960295021533966
-0.02772524580359459
-0.044493790715932846
-0.0489877350628376
-0.04717142879962921
-0.04697531461715698
-0.04375801980495453
-0.05240008234977722
-0.05824045091867447
-0.07454677671194077
-0.08452100306749344
-0.08151685446500778
-0.05937860906124115
-0.06732120364904404
-0.05548636615276337
-0.04578574374318123
-0.05126030370593071
-0.057887736707925797
-0.05986253544688225
-0.060273196548223495
-0.08120495826005936
-0.066615529358387
-0.05650210753083229
-0.04137374833226204
-0.03749299794435501
-0.032071299850940704
-0.029365355148911476
-0.026625754311680794
-0.0267462320625782
-0.029825447127223015
-0.03944563865661621
-0.060451459139585495
-0.07015819102525711
-0.08397442102432251
-0.05784735083580017
-0.05126696825027466
-0.036744579672813416
-0.028916148468852043
-0.036651577800512314
-0.029294539242982864
-0.02726699411869049
-0.029032466933131218
-0.057193461805582047
-0.053513750433921814
-0.04640226438641548
-0.04597928375005722
-0.04402587562799454
-0.041783370077610016
-0.04182035103440285
-0.028564030304551125
-0.02870388701558113
-0.03965258225798607
-0.04184400290250778
-0.04456908255815506
-0.051964204758405685
-0.02806767262518406
-0.02824510633945465
-0.02594878524541855
