-0.104749895632267
-0.10780955106019974
-0.10383615642786026
-0.10340689867734909
-0.10440433025360107
-0.10102266818284988
-0.09371116757392883
-0.09039539843797684
-0.1040782704949379
-0.09772513806819916
-0.08168505132198334
-0.06808025389909744
-0.05530164763331413
-0.04171741381287575
-0.03563433885574341
-0.03297050669789314
-0.02694900892674923
-0.023643039166927338
-0.018595583736896515
-0.009691797196865082
-0.003090283600613475
0.00021257923799566925
0.00205141375772655
0.002078777411952615
-0.0008405815460719168
-0.002269613789394498
0.001317815389484167
0.005301305092871189
0.009758228436112404
0.012661819346249104
0.01375922467559576
0.012947632931172848
0.017490502446889877
0.020155979320406914
0.018838223069906235
0.012154694646596909
0.00300877564586699
-0.011832864955067635
-0.01641754060983658
-0.030697986483573914
-0.045999933034181595
-0.053714096546173096
-0.058898039162158966
-0.06316960602998734
-0.06518130004405975
-0.07594165205955505
-0.08743073791265488
-0.09645649045705795
-0.11211075633764267
-0.12972557544708252
-0.14299549162387848
-0.1530221700668335
-0.15820293128490448
-0.16403985023498535
-0.17299920320510864
-0.17209024727344513
-0.16447891294956207
-0.1603056788444519
-0.16179673373699188
-0.16139212250709534
-0.1591968685388565
-0.16397233307361603
-0.16342687606811523
-0.16600939631462097
-0.16948160529136658
-0.1710430383682251
-0.17199625074863434
-0.17397873103618622
-0.17578129470348358
-0.18735963106155396
-0.19390854239463806
-0.19606870412826538
-0.1973898857831955
-0.20275181531906128
-0.198572039604187
-0.19981519877910614
-0.1881963014602661
-0.1796647161245346
-0.16790646314620972
-0.1800154745578766
-0.19148467481136322
-0.20158207416534424
-0.19847458600997925
-0.186049684882164
-0.16741850972175598
-0.1528678685426712
-0.13678331673145294
-0.12916992604732513
-0.142789825797081
-0.15696927905082703
-0.16770005226135254
-0.17511677742004395
-0.18639691174030304
-0.1790689378976822
-0.16958855092525482
-0.1562613844871521
-0.14429998397827148
-0.13161419332027435
-0.12610316276550293
-0.11833151429891586
-0.1202484667301178
-0.12359569221735
-0.11741314083337784
-0.1184854656457901
-0.12080375105142593
-0.11060259491205215
-0.09574252367019653
-0.08556044101715088
-0.0678686574101448
-0.06275664269924164
-0.05706379935145378
-0.043459340929985046
