-0.0237471573055
0.0130302775651
0.0283663794398
0.0308293998241
0.0324806384742
0.0310027375817
0.0300366319716
0.0320233665407
0.0341828204691
0.0333673879504
0.0321985781193
0.0304901339114
0.0287629179657
0.0294353477657
0.0337561182678
0.0398453846574
0.0405755527318
0.0399260856211
0.0401107817888
0.038154669106
0.0351121537387
0.0318413563073
0.028633851558
0.0259905103594
0.0230359733105
0.0209015868604
0.0201687794179
0.0195961780846
0.018302179873
0.017306862399
0.0149177480489
0.0115968529135
0.00770333828405
0.00278015760705
-0.00380800594576
-0.0100967800245
-0.0142627730966
-0.0159254986793
-0.0167855788022
-0.0169658176601
-0.0178947076201
-0.0196344703436
-0.0219076592475
-0.0238198153675
-0.0259932931513
-0.0279111955315
-0.0284764375538
-0.0284039732069
-0.0285694282502
-0.0287995990366
-0.0296187736094
-0.0286348424852
-0.0265261251479
-0.0256762430072
-0.0263861380517
-0.0278694964945
-0.0303662437946
-0.031843803823
-0.0329190865159
-0.033210683614
-0.0341168530285
-0.0351799875498
-0.0359647758305
-0.0364049561322
-0.0365506075323
-0.0361048579216
-0.0337148606777
-0.0305457897484
-0.0279983766377
-0.0269342511892
-0.0277302339673
-0.0308357216418
-0.0356784388423
-0.040870372206
-0.0452405586839
-0.0491506159306
-0.0533666461706
-0.0559834204614
-0.0554301254451
-0.0554584227502
-0.0570695027709
-0.058411963284
-0.0584454499185
-0.0585466399789
-0.0601749606431
-0.0617373660207
-0.0599934011698
-0.0580204501748
-0.0582961924374
-0.0582952387631
-0.0571207143366
-0.0542434155941
-0.0488729290664
-0.0430075339973
-0.0364387221634
-0.0298335347325
-0.025034725666
-0.0221715830266
-0.0198724120855
-0.0175229199231
-0.0156782492995
-0.0147429611534
-0.0127007476985
-0.0105264736339
-0.00976611115038
-0.00869782269001
-0.00780617492273
-0.00635036593303
-0.00557540077716
-0.00501004466787
-0.00499469181523
-0.00533695332706
