0
-1.7053e-16
-1.0768e-16
-1.7903e-16
-2.7548e-16
-1.7792e-16
-2.0032e-16
-2.4757e-16
-1.0261e-16
-1.1364e-16
-8.0133e-17
-1.6083e-16
-8.4838e-17
-2.2964e-16
-2.2403e-17
-1.0113e-16
-8.8583e-17
-1.0721e-16
-8.7262e-17
2.5554e-18
-5.5734e-17
7.9984e-18
-3.778e-17
-9.7933e-17
-4.534e-16
3.2002e-18
2.2562e-18
4.5121e-18
8.3102e-18
4.1131e-16
2.4136e-16
2.3886e-16
2.324e-16
2.2287e-16
3.8307e-16
3.7511e-16
2.003e-16
1.9828e-16
3.6817e-16
2.1446e-16
-2.6608e-17
-2.6391e-16
-1.8961e-17
-2.322e-16
-7.1428e-18
-2.1651e-16
-1.7198e-16
-2.0222e-16
-1.6258e-16
4.2052e-16
2.4979e-16
4.1764e-16
2.4117e-16
2.3044e-16
2.172e-16
3.7485e-16
3.1212e-16
-3.7289e-17
-2.5408e-16
-3.2226e-17
-2.4738e-17
-1.3205e-17
-1.8368e-19
1.082e-17
1.7516e-17
-1.9878e-16
1.6033e-17
1.0059e-17
-2.138e-16
-2.185e-16
-2.2154e-16
-2.2165e-16
-4.6033e-19
0.00023593
0.00053361
0.00084198
0.0011463
0.0015049
0.0020067
0.0025174
0.0030003
0.0034513
0.0039829
0.0046526
0.0055285
0.0066465
0.0077269
0.0089007
0.010189
0.01163
0.013139
0.014586
0.016021
0.01753
0.019121
0.020938
0.022996
0.025044
0.027111
0.029261
0.03164
0.034076
0.036448
0.03877
0.041043
0.043537
0.046142
0.048891
0.051673
0.054441
0.05727
0.060158
0.063131
0.065972
0.068775
0.071524
0.074244
0.076977
0.080035
0.083083
0.086
0.088866
0.091769
0.094753
0.09758
0.10026
0.10283
0.10542
0.10808
0.11081
0.11368
0.11645
0.11913
0.12182
0.12451
0.12708
0.12949
0.1318
0.13409
0.13636
0.13873
0.14117
0.14389
0.14616
0.14835
0.1507
0.1529
0.15493
0.15681
0.15861
0.16042
0.1624
0.1646
0.16667
0.16848
0.1703
0.17213
0.17383
0.17533
0.17674
0.17811
0.17947
0.18088
0.18242
0.18427
0.18562
0.18696
0.18836
0.18969
0.19085
0.19187
0.19276
0.19369
0.19476
0.19587
0.19717
0.19828
0.19918
0.20021
0.20115
0.20191
0.20254
0.20314
0.20376
0.20442
0.2053
0.20637
0.20706
0.20774
0.20846
0.20911
0.20961
0.21
0.21031
0.21061
0.2111
0.21166
0.21246
0.21299
0.21333
0.21391
0.21439
0.21472
0.21491
0.21503
0.21518
0.21541
0.21586
0.2161
0.21663
0.21686
0.21711
0.21735
0.21742
0.21744
0.2174
0.21733
0.21742
0.21768
0.21818
0.21835
0.21839
0.21869
0.21889
0.21894
0.21885
0.21871
0.21864
0.21871
0.219
0.21905
0.21936
0.21946
0.21959
0.21971
0.21965
0.2196
0.21947
0.21932
0.21923
0.21934
0.21971
0.21969
0.21962
0.21968
0.21971
0.2196
0.21937
0.21907
0.21883
0.21882
0.21904
0.21901
0.21917
0.21918
0.21926
0.21929
0.21915
0.21898
0.21879
0.21862
0.21855
0.21862
0.21897
0.21892
0.2189
0.21899
0.21904
0.21896
0.21879
0.21854
0.21834
0.21836
0.21841
0.21859
0.21866
0.2186
0.21864
0.21861
0.21842
0.21816
0.21792
0.21771
0.21761
0.21768
0.21794
0.21788
0.21787
0.21796
0.21795
0.21785
0.21766
0.21742
0.2172
0.21729
0.2176
0.21758
0.21764
0.21766
0.21777
0.21778
0.21765
0.21744
0.2173
0.21721
0.21721
0.21735
0.21759
0.21755
0.21756
0.21761
0.21755
0.21739
0.21715
0.21686
0.21658
0.21667
0.21698
0.21703
0.21695
0.217
0.21712
0.21709
0.21694
0.21666
0.21654
0.21651
0.21657
0.21671
0.21694
0.21696
0.21702
0.21712
0.21705
0.21695
0.2168
0.21662
0.2165
0.21664
0.21703
0.21708
0.21704
0.21711
0.21719
0.21712
0.21691
0.2166
0.21639
0.21635
0.21638
0.2165
0.21666
0.21668
0.21676
0.21681
0.21669
0.21654
0.21638
0.21624
0.21624
0.21634
0.21673
0.21672
0.21668
0.21685
0.21689
0.21683
0.21666
0.21646
0.21633
0.21641
0.21671
0.2169
0.21691
0.21699
0.2171
0.21709
0.21694
0.21669
0.21649
0.21633
0.21632
0.21638
0.21668
0.21665
0.21665
0.21675
0.2167
0.21658
0.21638
0.21619
0.21615
0.21626
0.21655
0.21666
0.21661
0.21678
0.21688
0.21683
0.21668
0.21649
0.21636
0.2163
0.21649
0.21682
0.21688
0.21694
0.21704
0.21711
0.21703
0.21686
0.21662
0.21638
0.21638
0.21644
0.21669
0.21671
0.21666
0.21679
0.2168
0.21666
0.21642
0.21627
0.21601
0.21559
0.21514
0.21476
0.21415
0.21339
0.21247
0.21143
0.21039
0.20922
0.20791
0.20647
0.20493
0.20363
0.20199
0.20018
0.19825
0.19628
0.19421
0.19201
0.18969
0.18725
0.18477
0.18218
0.17959
0.17695
0.17414
0.17128
0.16837
0.1654
0.16241
0.15939
0.15634
0.15329
0.15022
0.14725
0.14418
0.1411
0.13804
0.13498
0.13193
0.12889
0.12587
0.12286
