-0.0012691359734162688
-0.0012691359734162688
-0.0012691359734162688
-0.0012691359734162688
-0.0012691359734162688
-0.0012691359734162688
-0.0012691359734162688
-0.0012691359734162688
-0.0012691359734162688
-0.0012691359734162688
-0.0012691359734162688
-0.0012691359734162688
-0.0012691359734162688
-0.0012691359734162688
-0.0012691359734162688
-0.0012691359734162688
-0.0012691359734162688
-0.0012691359734162688
-0.0012691359734162688
-0.0012691359734162688
-0.0012691359734162688
-0.0012691359734162688
-0.0012691359734162688
0.014311578124761581
-0.0012691359734162688
-0.0012691359734162688
-0.0012691359734162688
0.007642777170985937
0.01953551359474659
0.019889213144779205
0.019015152007341385
0.023834161460399628
0.04924899339675903
0.018784333020448685
0.019060609862208366
-0.0012691359734162688
-0.0012691359734162688
-0.0012691359734162688
-0.0012691359734162688
-0.0012691359734162688
-0.0012691359734162688
-0.0012691359734162688
0.0018363017588853836
-0.0012691359734162688
-0.0012691359734162688
-0.0012691359734162688
-0.0012691359734162688
-0.0012691359734162688
-0.0012691359734162688
-0.0012691359734162688
0.0012434496311470866
0.004070016089826822
0.0037388450000435114
0.002639407990500331
-0.0002393227769061923
-0.0012691359734162688
-0.0012691359734162688
0.001574134104885161
-0.0012691359734162688
0.0012508012587204576
0.004521023016422987
-0.0012691359734162688
-0.0012691359734162688
-0.0012691359734162688
0.0007324262405745685
-0.0012691359734162688
-0.0012691359734162688
-0.0012691359734162688
0.006280728615820408
0.005067112855613232
-0.0012691359734162688
-0.0012691359734162688
-0.0012691359734162688
-0.0012691359734162688
-0.0012691359734162688
-0.0012691359734162688
-0.0012691359734162688
-0.0012691359734162688
0.0017746507655829191
-0.0012691359734162688
-0.0012691359734162688
-0.0012691359734162688
-0.0012691359734162688
-0.0012691359734162688
-0.0012691359734162688
-0.0012691359734162688
-0.0012691359734162688
-0.0012691359734162688
0.0036239593755453825
0.00433149840682745
-0.0012691359734162688
-0.0012691359734162688
0.001960642170161009
-0.0012691359734162688
-0.0012691359734162688
-0.0012691359734162688
0.0010498663177713752
0.0026992035564035177
0.002608997281640768
-0.00010114279575645924
-0.00018651678692549467
-0.0009049884392879903
0.0011143473675474524
0.0026507482398301363
0.0018866123864427209
0.0005374151514843106
0.006101176608353853
0.007152628153562546
0.005802173633128405
0.007398792076855898
0.007989916950464249
0.008361997082829475
0.008484073914587498
0.008819918148219585
0.009146662428975105
0.010664413683116436
0.012331599369645119
0.013932878151535988
0.016531793400645256
0.022616783156991005
0.015344797633588314
0.013761273585259914
0.013689251616597176
0.013944837264716625
0.014374036341905594
0.02224002592265606
0.02329559437930584
0.019604215398430824
0.023336656391620636
0.028553159907460213
0.027577504515647888
0.0252983495593071
0.020347626879811287
0.022955764085054398
0.02355828508734703
0.02503577247262001
0.02777923457324505
0.02848874218761921
0.030519675463438034
0.032117247581481934
0.033130891621112823
0.035447265952825546
0.043759290128946304
0.04488945007324219
0.04579230397939682
0.04496996849775314
0.04505311697721481
0.046140387654304504
0.036379046738147736
0.03562270849943161
0.03600800037384033
0.04056568071246147
0.049446240067481995
0.051689859479665756
0.04935228452086449
0.04893266782164574
0.06226261705160141
0.056382812559604645
0.05151261389255524
0.05246216058731079
0.0541999489068985
0.05721629038453102
0.05815601721405983
0.05994188040494919
0.06099461391568184
0.06431615352630615
0.06052045896649361
0.05853043496608734
0.05770733952522278
0.057172853499650955
0.05790280923247337
0.059856656938791275
0.06170472502708435
0.06238715723156929
0.06361519545316696
0.06379634141921997
0.06175895780324936
0.06242302060127258
0.06385248899459839
0.06346741318702698
0.0638546347618103
0.06352933496236801
0.0643211081624031
0.06436038017272949
0.06432930380105972
0.06420715898275375
0.06311792880296707
0.0640053078532219
0.0639573261141777
0.0645756646990776
0.06562065333127975
0.06591944396495819
0.06533310562372208
0.06510535627603531
0.06610489636659622
0.06726200133562088
0.06804511696100235
0.06754399091005325
0.06743815541267395
0.06709687411785126
0.06641098856925964
0.06688009202480316
0.06746044754981995
0.06757903099060059
0.06544774025678635
0.06584550440311432
0.0662216916680336
0.06639159470796585
0.06714726239442825
0.06899978220462799
0.07153664529323578
0.0710170641541481
0.07136271148920059
0.07435084134340286
0.07306791096925735
0.07209578901529312
0.06966286897659302
0.0728861466050148
0.07314419746398926
0.07292407006025314
0.0738142654299736
0.07718738168478012
0.07809091359376907
0.07504035532474518
0.0751173123717308
0.07593148946762085
0.07690796256065369
0.07535085827112198
0.07474048435688019
0.0724424347281456
0.07321154326200485
0.07269520312547684
0.07057388871908188
0.06986737996339798
0.06885579973459244
0.0691482350230217
0.06658738106489182
0.06644164770841599
0.06681525707244873
0.06659562885761261
0.06684833765029907
0.06736820191144943
0.06756073236465454
0.06722225248813629
0.06824768334627151
0.06799827516078949
0.06837964057922363
0.07146062701940536
0.06956513226032257
0.06779520213603973
0.06727572530508041
0.06724041700363159
0.06722012162208557
0.06688844412565231
0.06667093932628632
0.06636061519384384
0.06885137408971786
0.06700856983661652
0.06738007068634033
0.06716225296258926
0.0669545978307724
0.06672601401805878
0.0666908472776413
0.06619756668806076
0.06667236983776093
0.06698999553918839
0.06684181094169617
0.06705477833747864
0.06649813801050186
0.06522054225206375
0.06480544805526733
0.06468252837657928
0.06645682454109192
0.06661876291036606
0.06656471639871597
0.0663701742887497
0.06649959832429886
0.0659227967262268
0.0657411515712738
0.06553034484386444
0.06555609405040741
0.06419042497873306
0.06340336054563522
0.06272315979003906
0.06178399547934532
0.062096480280160904
0.0630166307091713
0.06278569996356964
0.0629483163356781
0.06354957073926926
0.06511266529560089
0.06597712635993958
0.06539517641067505
0.06513579189777374
0.08878026902675629
0.0734122097492218
0.06504733115434647
0.0629301369190216
0.06263112276792526
0.06167080998420715
0.061339445412158966
0.06546226143836975
0.06641174107789993
0.06625127047300339
0.06480447947978973
0.06518469005823135
0.06403478980064392
0.06495650857686996
0.06598296016454697
0.06506147980690002
0.06535361707210541
0.06526295095682144
0.06622125953435898
0.06448590755462646
0.06406606733798981
0.06493654102087021
0.06543783098459244
0.06631747633218765
0.06644508242607117
0.06666816771030426
0.0668003186583519
0.06557322293519974
0.06543159484863281
0.06491045653820038
0.06537070870399475
0.0669446811079979
0.06666512042284012
0.06651850789785385
0.06577622890472412
0.06624675542116165
0.06724652647972107
0.06751903891563416
0.08781293034553528
0.07930696755647659
0.07688476890325546
0.06856857985258102
0.06710502505302429
0.06605015695095062
0.066289022564888
0.0669431984424591
0.06865821033716202
0.0681304782629013
0.06826312094926834
0.06848478317260742
0.06773266196250916
0.06712094694375992
0.06717396527528763
0.0671222060918808
0.06682924181222916
0.0671529620885849
0.06647828966379166
0.06713418662548065
0.06730151176452637
0.06745997816324234
0.06643998622894287
0.06598033756017685
0.06613700091838837
0.06576282531023026
0.06529606133699417
0.0668477788567543
0.06637273728847504
0.06756283342838287
0.06712782382965088
0.06767711043357849
0.06864719837903976
0.06776335090398788
0.06721759587526321
0.06717956066131592
0.06798027455806732
0.06716052442789078
0.06767751276493073
0.06718543916940689
0.06673549860715866
0.06674109399318695
0.06631389260292053
0.06666316092014313
0.06711211055517197
0.06725410372018814
0.06574298441410065
0.06562019884586334
0.06620132923126221
0.06557871401309967
0.06617754697799683
0.06538423895835876
0.06562023609876633
0.06646285951137543
0.06689567863941193
0.06690143048763275
0.06702540814876556
0.0675143152475357
0.06734839081764221
0.06763765215873718
0.06775593757629395
0.06734336912631989
0.06756562739610672
0.06726343929767609
0.06735268235206604
0.06671890616416931
0.06639278680086136
0.06650809198617935
0.06660450249910355
0.06685417145490646
0.06692041456699371
0.06725345551967621
0.06729789078235626
0.06697580218315125
0.06651037931442261
0.06453356146812439
0.06341686844825745
0.06381725519895554
0.06410343945026398
0.06620797514915466
0.06497140228748322
0.06466183066368103
0.06437952071428299
0.06411004811525345
0.06471507251262665
0.06449933350086212
0.06498780846595764
0.06560228765010834
0.06519245356321335
0.06525839120149612
0.06550590693950653
0.0653185173869133
0.06570848077535629
0.06577465683221817
0.06586455553770065
0.06540685892105103
0.06568668782711029
0.06469643861055374
0.06454059481620789
0.06464913487434387
0.06516800820827484
0.06609627604484558
0.0658903419971466
0.06591598689556122
0.06612864136695862
0.06528723239898682
0.06517137587070465
0.06375671923160553
0.06192359700798988
0.061807285994291306
0.06290747970342636
0.0630316212773323
0.06056343391537666
0.06017199903726578
0.059317175298929214
0.05610679090023041
0.055689360946416855
0.05560337007045746
0.05372561514377594
0.05434497073292732
0.05371640995144844
0.05383722856640816
0.0520322285592556
0.047177545726299286
0.045895032584667206
0.043555937707424164
0.04121581092476845
0.04068570211529732
0.04177146404981613
0.042873237282037735
0.04168924689292908
0.04032040387392044
0.03739990293979645
0.03574472293257713
0.035493154078722
