-0.07612171024084091
-0.07676330953836441
-0.0757288783788681
-0.07929611951112747
-0.09012877196073532
-0.09746280312538147
-0.11901886761188507
-0.15504337847232819
-0.19208140671253204
-0.22283637523651123
-0.2445179671049118
-0.2563394606113434
-0.2755451798439026
-0.2919832170009613
-0.2963956892490387
-0.3048303723335266
-0.3125557601451874
-0.3223048150539398
-0.3333176374435425
-0.3447137176990509
-0.33992016315460205
-0.3169178068637848
-0.2966420352458954
-0.2815483808517456
-0.2658507227897644
-0.2547178268432617
-0.2547438442707062
-0.2529577910900116
-0.2494739145040512
-0.2564921975135803
-0.25279125571250916
-0.23829816281795502
-0.24002502858638763
-0.23039774596691132
-0.22551074624061584
-0.2229939103126526
-0.22933974862098694
-0.24345090985298157
-0.2521961033344269
-0.260202020406723
-0.25707095861434937
-0.24856586754322052
-0.2432125061750412
-0.24756363034248352
-0.23776260018348694
-0.2216871827840805
-0.21221092343330383
-0.20700772106647491
-0.20455680787563324
-0.20246633887290955
-0.1906871199607849
-0.1842327117919922
-0.1756143569946289
-0.15931658446788788
-0.1471388339996338
-0.14272360503673553
-0.1400751769542694
-0.14323638379573822
-0.14234396815299988
-0.15192678570747375
-0.15177495777606964
-0.1489028036594391
-0.15793180465698242
-0.1656171679496765
-0.16910123825073242
-0.16916169226169586
-0.15946483612060547
-0.1447894424200058
-0.1286754459142685
-0.1190987154841423
-0.10734390467405319
-0.10100795328617096
-0.09882725030183792
-0.10007501393556595
-0.09460978209972382
-0.09493574500083923
-0.08132082223892212
-0.07310369610786438
-0.06992340087890625
-0.05861114338040352
-0.05292561650276184
-0.04550148546695709
-0.03998524323105812
-0.043575458228588104
-0.05408160760998726
-0.06696470826864243
-0.07920975983142853
-0.08365806937217712
-0.08760367333889008
-0.08899515122175217
-0.09406862407922745
-0.08835894614458084
-0.07795054465532303
-0.07366711646318436
-0.05418213829398155
-0.03139840438961983
-0.024233102798461914
-0.02661942131817341
-0.022151323035359383
-0.020077800378203392
-0.02471132017672062
-0.028037991374731064
-0.025874407961964607
-0.025071337819099426
-0.035687968134880066
-0.03879178687930107
-0.036428049206733704
-0.03083460032939911
-0.023966824635863304
-0.014621030539274216
-0.005629561375826597
0.005077797919511795
0.004000935237854719
0.010939398780465126
0.01019984483718872
0.015410356223583221
0.022083265706896782
0.031168272718787193
0.04705262929201126
0.05531451851129532
0.06498920917510986
0.06784283369779587
0.0631771981716156
0.0673883929848671
0.06537598371505737
0.06011104956269264
0.061158258467912674
0.05960606038570404
0.05401075258851051
0.050460707396268845
0.048359666019678116
0.04523530229926109
0.031091323122382164
0.0236284788697958
0.027080098167061806
0.03387316316366196
0.03979850560426712
0.05160818621516228
0.057312991470098495
0.056516971439123154
0.05172304809093475
0.04666390269994736
0.038226306438446045
0.03732041269540787
0.038000162690877914
0.043083034455776215
0.03965408354997635
0.04070735350251198
0.04281426966190338
0.05374519154429436
0.052728112787008286
0.044454529881477356
0.030142197385430336
0.018206452950835228
0.014074749313294888
0.014312559738755226
0.01441065315157175
0.015746068209409714
0.017672540619969368
0.007476329803466797
0.010571558028459549
0.019093839451670647
0.02653339132666588
0.03452619910240173
0.04923171550035477
0.052439115941524506
0.05590609833598137
0.05590854212641716
0.055862464010715485
0.05063483491539955
0.03913334384560585
0.043196819722652435
0.05625273659825325
0.06168637052178383
0.09356433153152466
0.10514137148857117
0.12510034441947937
0.14446713030338287
0.15527750551700592
0.17317479848861694
0.1708489954471588
0.16943976283073425
0.17549185454845428
0.1837856024503708
0.18334458768367767
0.19289176166057587
0.19725775718688965
0.1984381377696991
0.20573857426643372
0.22778351604938507
0.2447415143251419
0.24082350730895996
0.2567330002784729
0.2702710032463074
0.2883928120136261
0.3063538372516632
0.30351486802101135
0.3061646521091461
0.28924107551574707
0.2866840064525604
0.2820011377334595
0.2734817564487457
0.27689996361732483
0.2823718786239624
0.2805890440940857
0.28999122977256775
0.30025631189346313
0.3111671805381775
0.3247731924057007
0.3368142545223236
0.33656594157218933
0.333929181098938
0.3399522304534912
0.32901912927627563
0.3202415406703949
0.32386836409568787
0.3072192370891571
0.31209519505500793
0.304226279258728
0.2936279773712158
0.282103568315506
0.26155537366867065
0.25587818026542664
0.23138758540153503
0.2199060171842575
0.20875929296016693
0.19359637796878815
0.19484513998031616
0.19641458988189697
0.21607725322246552
0.22285400331020355
0.23773528635501862
0.2759722173213959
0.27482107281684875
0.2849125266075134
0.2959868013858795
0.3101588785648346
0.32029861211776733
0.33361056447029114
0.3507753908634186
0.3587101995944977
0.3712736964225769
0.37617045640945435
0.372785747051239
0.37490081787109375
0.377855509519577
0.36921924352645874
0.3739253282546997
0.3882870674133301
0.39657139778137207
0.4164038896560669
0.43186017870903015
0.45115792751312256
0.46633613109588623
0.48461732268333435
0.48212930560112
0.4873022139072418
0.49385547637939453
0.4905741214752197
0.49294060468673706
0.4859766662120819
0.4686158299446106
0.46029582619667053
0.45218223333358765
0.44771653413772583
0.4367443919181824
0.4392338991165161
0.4478462338447571
0.44742870330810547
0.4460853338241577
0.43669700622558594
0.4334554076194763
0.4235122799873352
0.41577112674713135
0.42543840408325195
0.41604849696159363
0.41887131333351135
0.420066773891449
0.4250261187553406
0.4442748725414276
0.4362371861934662
0.4194052517414093
0.39325422048568726
0.3757682740688324
0.35722270607948303
0.3392395079135895
0.3254295289516449
0.30922931432724
0.29579871892929077
0.2855575680732727
0.27355754375457764
0.2634333074092865
0.2666603922843933
0.2655980587005615
0.27224233746528625
0.27389246225357056
0.2731732428073883
0.2714531421661377
0.2771699130535126
0.290626585483551
0.29464784264564514
0.29798659682273865
0.2989715039730072
0.2896324098110199
0.2931820750236511
0.2927563190460205
0.32230550050735474
0.341783344745636
0.3676143288612366
0.3840687870979309
0.4169315993785858
0.4439525604248047
0.47176146507263184
0.506981372833252
0.5230147242546082
0.5391969680786133
0.5438958406448364
0.539393961429596
0.5221531987190247
0.4944803714752197
0.4580311179161072
0.44063156843185425
0.4261208176612854
0.4260047674179077
0.4192698001861572
0.4118904769420624
0.3971574902534485
0.38741758465766907
0.37963926792144775
0.36708199977874756
0.36477765440940857
0.3705695867538452
0.36690667271614075
0.3824254274368286
0.3864786624908447
0.396672785282135
0.4069148600101471
0.40849214792251587
0.4076779782772064
0.3984878361225128
0.39903053641319275
0.38984954357147217
0.3800264596939087
0.38394245505332947
0.39136195182800293
0.392121285200119
0.40244394540786743
0.3956948220729828
0.4010569453239441
0.4175081253051758
0.40244391560554504
0.4223880171775818
0.4466172158718109
0.47429707646369934
0.48133647441864014
0.4841404855251312
0.4741533100605011
0.4710227847099304
0.48019424080848694
0.45542851090431213
0.4346577525138855
0.4069884121417999
0.3839438855648041
0.3758331537246704
0.37953945994377136
0.3871365189552307
0.39102408289909363
0.3908122479915619
0.40369662642478943
0.4133318066596985
0.429550439119339
0.4458078145980835
0.4554681181907654
0.44705840945243835
0.44126075506210327
0.44116851687431335
0.4383176267147064
0.42228665947914124
0.41988039016723633
0.40543872117996216
0.39051222801208496
0.36126554012298584
0.3399721086025238
0.3258510231971741
0.31583741307258606
0.3046289384365082
0.28065741062164307
0.261526495218277
0.2594005763530731
0.24973857402801514
0.24963535368442535
0.2518310844898224
0.2449406534433365
0.25098323822021484
0.2534186840057373
0.25430527329444885
0.2663162350654602
0.2790759801864624
0.28938984870910645
0.2849501371383667
0.30755338072776794
0.31698355078697205
0.3143173158168793
0.30779629945755005
0.30873796343803406
0.31053128838539124
0.31058287620544434
0.32723209261894226
0.33441999554634094
0.34354734420776367
0.3380662798881531
0.3389449417591095
0.33494237065315247
0.33640825748443604
0.35788795351982117
0.3742537200450897
0.3807753920555115
0.3948829472064972
0.3917537033557892
0.39591333270072937
0.395671546459198
0.3964022994041443
0.3828217685222626
0.3685079514980316
0.3471636474132538
0.3260766267776489
0.3072270154953003
0.29399266839027405
0.28292497992515564
0.2690162658691406
0.2684940993785858
0.2613048255443573
0.2679091691970825
0.26511937379837036
0.2630619406700134
0.2796030044555664
0.27402782440185547
0.30186885595321655
0.31925302743911743
0.32944053411483765
0.34239834547042847
0.3547622561454773
0.36049455404281616
0.3693830668926239
0.3628615736961365
0.37141144275665283
0.3564096987247467
0.34960150718688965
0.3375056982040405
0.3187199831008911
0.31048667430877686
0.29799678921699524
0.3002558946609497
0.301270991563797
0.30479326844215393
0.2964204251766205
0.2904980480670929
0.276734322309494
0.2690507769584656
0.2523134648799896
0.242534801363945
0.22931812703609467
0.21648652851581573
0.21203379333019257
0.21650058031082153
0.2125730812549591
0.2049212008714676
