0.00741269206628
0.0261446069926
0.0486259944737
0.0580235943198
0.0647789537907
0.0688619539142
0.0688171684742
0.0681367814541
0.0630082637072
0.0589910820127
0.0536729358137
0.0482506603003
0.0407789424062
0.0365131981671
0.0332160703838
0.0308740325272
0.0305367335677
0.029682982713
0.0275642834604
0.0260741896927
0.0237232632935
0.0219667125493
0.0206607617438
0.0197734963149
0.0178304612637
0.0162187088281
0.0152613911778
0.0163843389601
0.0193514805287
0.0220260713249
0.0241121854633
0.0256900377572
0.0261670779437
0.0261884722859
0.0261976961046
0.0267789028585
0.027328338474
0.0278253629804
0.0280766896904
0.0284490585327
0.0282411687076
0.0283328257501
0.0280326716602
0.0277155674994
0.0276933200657
0.0278483815491
0.0280754230917
0.0285197421908
0.0284424945712
0.0283825956285
0.0284103229642
0.0281021147966
0.027539011091
0.0268387906253
0.0259634442627
0.0251228623092
0.0243531260639
0.0238214544952
0.0240346007049
0.0245513375849
0.0253627952188
0.0267047472298
0.0280689448118
0.0294333472848
0.0306823886931
0.0313867665827
0.0317487344146
0.0322816409171
0.0322468839586
0.0319427996874
0.0316265337169
0.0313506908715
0.0308131873608
0.0299498997629
0.0286414399743
0.027212664485
0.0258555132896
0.0247450731695
0.0239377487451
0.0228847805411
0.0215306319296
0.0204010028392
0.0197834782302
0.0197517666966
0.0202262587845
0.0208735615015
0.0217684116215
0.0225081648678
0.0229307655245
0.0232165325433
0.0237100385129
0.0248239636421
0.0260421615094
0.0264877937734
0.026835244149
0.0271645635366
0.0279469639063
0.0278302654624
0.0271214097738
0.0270322971046
0.0272970236838
0.0273246206343
0.0273156315088
0.0272856652737
0.0271359831095
0.0266731902957
0.0264870710671
0.0262480378151
0.0256034638733
0.0250812843442
0.0250695217401
0.0250673182309
0.0248922053725
0.0244383178651
0.02426061593
0.0245842337608
0.0257890075445
0.0274058356881
0.0290137305856
0.0306238271296
0.0317621976137
0.0324261263013
0.0325741805136
0.0325466133654
0.0333421006799
0.0345427282155
0.0357640385628
0.0367797799408
0.0372755788267
0.0374408140779
0.0372267439961
0.0368052795529
0.0362719483674
0.0360422208905
0.0359732620418
0.0365098714828
0.0375529937446
0.0387381836772
0.0402324199677
0.0420283935964
0.0440688617527
0.0460004284978
0.0474849306047
0.0489010848105
0.050584949553
0.0524974763393
0.0540412701666
0.0552921816707
0.0565800778568
0.0589530840516
0.061795681715
0.0632976666093
0.0641457810998
0.0651457384229
0.0665585920215
0.0686730593443
0.0705830976367
0.0710070207715
0.0703089088202
0.0693490058184
0.0680935680866
0.0671912804246
0.066774122417
0.0666816607118
0.0672552362084
0.0678914785385
0.0687679499388
0.0683968663216
0.0675789862871
0.0676916092634
0.067086160183
0.0663791522384
0.0656534805894
0.0653793886304
0.0657466948032
0.0666354373097
0.0682571306825
0.0706731230021
0.0731040611863
0.0741546601057
0.0744911953807
0.07461065799
0.0739696323872
0.0740928053856
0.0745163336396
0.0754609107971
0.0770505070686
0.0790339708328
0.081238783896
0.0841140076518
0.0867689028382
0.0885253995657
0.0897747203708
0.0908425375819
0.0914206281304
0.0918606966734
0.0926297754049
0.0939527675509
0.0959073156118
0.0984809547663
0.101078361273
0.103105209768
0.10441673547
0.104850798845
0.105032943189
0.105438947678
0.10584782064
0.106212362647
0.106441922486
0.10679012537
0.106644973159
0.105837926269
0.104477748275
0.103163674474
0.102548472583
0.102187901735
0.101700909436
0.101250305772
0.100797019899
0.100063793361
0.0989217534661
0.0976722091436
0.0966163426638
0.0957292541862
0.0950907990336
0.094136595726
0.0926233306527
0.0906369537115
0.0888091623783
0.0875887200236
0.0869722887874
0.0871245861053
0.0877929627895
0.089005202055
0.0905618742108
0.0917872861028
0.0929864943027
0.0942525342107
0.0956663861871
0.097340375185
0.0990301594138
0.100650131702
0.102085724473
0.103425070643
0.104718320072
0.105576112866
0.105802200735
0.105444677174
0.104937143624
0.10478579998
0.104608617723
0.103524707258
0.101719751954
0.100135192275
0.0985257923603
0.0969807431102
0.0959236696362
0.0956095978618
0.0961244553328
0.0969804748893
0.0977499783039
0.0983373001218
0.098682038486
0.0986392945051
0.0985373407602
0.0982920899987
0.0982059463859
0.098517857492
0.0991738066077
0.100020267069
0.100886799395
0.101680189371
0.102658219635
0.104242488742
0.106442697346
0.109095834196
0.111879438162
0.115049153566
0.118158936501
0.12090460211
0.123050175607
0.124165065587
0.124082319438
0.122693993151
0.120517008007
0.117346137762
0.113738462329
0.110700398684
0.108842298388
0.107885710895
0.106621362269
0.104489929974
0.102884210646
0.100981041789
0.0979687869549
0.0941091254354
0.0899178236723
0.0854566022754
0.0816318541765
0.0790160298347
0.0779313668609
0.0776813700795
0.0782897248864
0.0804917439818
0.0834244266152
0.0856203138828
0.0873657688498
0.089577421546
0.0911304205656
0.0921045616269
0.0928788259625
0.0946085229516
0.0959285497665
0.0958714485168
0.0951294004917
0.0938208028674
0.0932728126645
0.0932844132185
0.0939205288887
0.095167465508
0.0967946574092
0.0982301831245
0.0993724390864
0.100246660411
0.10057605058
0.100218586624
0.0991490036249
0.0981214940548
0.0969401821494
0.0956553444266
0.0943972766399
0.0938516929746
0.0932113900781
0.092715010047
0.0932333916426
0.0944276824594
0.0959612876177
0.0976253449917
0.0993944853544
0.101138822734
0.10254727304
0.103085890412
0.103308834136
0.103476442397
0.103289522231
0.10239443928
0.101003736258
0.100144527853
0.0996162071824
0.0982490032911
0.0962897762656
0.0956101045012
0.0945720821619
0.0929960533977
0.0905089080334
0.0878002718091
0.085668489337
0.0838216096163
0.0821719840169
0.0810508206487
0.0810249224305
0.0818089023232
0.0833137109876
0.0849687382579
0.0866945534945
0.0889102220535
0.0913389250636
0.0937688201666
0.0957145914435
0.0975335910916
0.0994908809662
0.102116435766
0.104226976633
0.106531888247
0.10920933634
0.11212721467
0.11511901021
0.117908537388
0.120515234768
0.122412078083
0.123853005469
0.124618180096
0.125304892659
0.125985696912
0.126517549157
0.126424819231
0.125376462936
0.12441752106
0.123994283378
0.123403914273
0.122268401086
0.120637618005
0.119393281639
0.118788190186
0.118337601423
0.11802610755
0.118223205209
0.119069881737
0.120424501598
0.12184549123
0.122529409826
0.122457869351
0.122082866728
0.121784038842
0.122054852545
0.122842140496
0.124024562538
0.125213906169
0.125701025128
0.125601351261
0.125500425696
0.12516514957
0.124668695033
0.124506779015
0.125121667981
0.126235842705
0.126999616623
0.127197235823
0.127034038305
0.126513913274
0.126101225615
0.125885903835
0.125625059009
0.124810166657
0.123519219458
0.122158743441
0.121114991605
0.120585270226
0.120093733072
0.119569696486
0.119200147688
0.118944682181
0.118325814605
0.117577388883
0.11679969728
0.115898035467
0.114960841835
0.114297918975
0.113821402192
0.113239683211
0.11238193512
0.111397773027
0.110462330282
0.109411194921
0.108539626002
0.107972308993
0.107758551836
0.107805266976
0.107821397483
0.107693240047
0.107352793217
0.106881693006
0.106449432671
0.106107890606
0.10562774539
0.104785785079
0.103273779154
0.101564779878
0.0997816845775
0.0979754552245
0.097071968019
0.095897115767
0.0944653004408
0.094200707972
0.0943186953664
0.0944159626961
0.0943102613091
