0
-1.7053e-16
-1.0768e-16
-1.7844e-16
-2.7548e-16
-1.7792e-16
-2.0032e-16
-2.5932e-16
-9.0887e-17
-1.1364e-16
-8.0066e-17
-1.6072e-16
-8.4764e-17
-2.2963e-16
-4.5921e-17
-1.2469e-16
-1.1214e-16
-1.071e-16
-8.6724e-17
3.6606e-18
-5.4197e-17
-1.384e-17
-3.64e-17
-9.7036e-17
-4.5295e-16
3.3336e-18
2.1665e-18
-1.9183e-17
8.0394e-18
-2.0724e-16
1.0991e-17
9.34e-18
7.335e-18
5.3748e-18
-2.1468e-16
-2.4038e-16
-7.9575e-19
-5.1593e-19
-2.3883e-16
6.3198e-18
9.0659e-18
-2.303e-16
1.1643e-17
-2.0749e-16
8.6733e-18
-2.1089e-16
-1.7564e-16
6.0078e-16
5.7877e-16
6.0228e-16
4.6471e-16
5.8968e-16
4.4025e-16
4.2445e-16
4.1117e-16
5.3787e-16
4.9366e-16
-5.4217e-17
-2.6443e-16
-3.8156e-17
-2.7769e-17
-1.4042e-17
6.4047e-19
1.2698e-17
1.975e-17
-1.9686e-16
1.717e-17
1.0226e-17
-2.1448e-16
-2.1969e-16
-2.2283e-16
-2.2269e-16
-1.0596e-18
0.00017696
0.00040022
0.00063151
0.00085974
0.0011287
0.0015051
0.0018881
0.0022503
0.0025885
0.0030714
0.0037689
0.0046351
0.0054723
0.006277
0.0072504
0.0083841
0.0095402
0.010632
0.011686
0.012807
0.014367
0.015964
0.017515
0.019046
0.020636
0.022537
0.024413
0.026191
0.027926
0.029759
0.031822
0.034113
0.036277
0.038378
0.04062
0.042989
0.04538
0.047621
0.049745
0.051961
0.054485
0.057018
0.059439
0.061783
0.064144
0.066712
0.069222
0.071516
0.073725
0.075974
0.07835
0.080877
0.083208
0.08542
0.087699
0.090044
0.092423
0.094667
0.096652
0.098679
0.10092
0.10319
0.10535
0.10737
0.10932
0.11151
0.1136
0.11566
0.11746
0.11919
0.12102
0.12309
0.12494
0.12664
0.12835
0.13013
0.13196
0.1337
0.13509
0.13645
0.1381
0.13973
0.14122
0.14257
0.14387
0.14533
0.14691
0.1481
0.14922
0.15026
0.15139
0.15275
0.15391
0.15493
0.15595
0.15705
0.15824
0.15938
0.16012
0.16082
0.16176
0.16274
0.16361
0.16432
0.16497
0.16583
0.1668
0.16742
0.16798
0.16847
0.16908
0.16989
0.17052
0.17097
0.17149
0.17215
0.17278
0.17341
0.17369
0.17391
0.17446
0.17502
0.17545
0.17576
0.17607
0.1765
0.17709
0.17745
0.17758
0.17773
0.17801
0.17846
0.17876
0.17889
0.17905
0.17935
0.17962
0.17993
0.17989
0.17981
0.18
0.1803
0.18044
0.18048
0.18057
0.18076
0.18106
0.18118
0.18104
0.18101
0.18119
0.18141
0.18151
0.18149
0.18146
0.1817
0.18182
0.18195
0.18183
0.18169
0.18162
0.18141
0.18101
0.18053
0.18006
0.17954
0.17893
0.1782
0.17725
0.17634
0.17531
0.17413
0.17282
0.17145
0.17005
0.16853
0.16704
0.16533
0.16361
0.16181
0.15994
0.15799
0.15599
0.15395
0.15187
0.14972
0.14756
0.1454
0.14313
0.14083
0.13849
0.13613
0.13374
0.13134
0.12892
0.12648
0.12407
0.1216
0.11911
0.11661
0.11408
0.11155
0.109
0.10645
0.1039
0.10136
0.098827
0.096316
0.093828
0.091368
0.088938
0.08654
0.084178
0.081851
0.07956
0.077307
0.075091
0.072913
0.070773
0.068671
0.066607
0.064581
0.062594
0.060645
0.058736
0.056865
0.055033
0.053238
0.05148
0.049757
0.048067
0.046408
0.044779
0.043178
0.041605
0.04006
0.038545
0.03706
0.035607
0.034188
0.032805
