0.020280469208955765
0.017942478880286217
-0.0012691359734162688
-0.0012691359734162688
-0.0012691359734162688
-0.0012691359734162688
-0.0012691359734162688
-0.0012691359734162688
-0.0012691359734162688
-0.0012691359734162688
-0.0012691359734162688
-0.0012691359734162688
-0.0012691359734162688
-0.0012691359734162688
-0.0012691359734162688
-0.0012691359734162688
-0.0012691359734162688
-0.0012691359734162688
-0.0012691359734162688
-0.0012691359734162688
-0.0012691359734162688
-0.0012691359734162688
-0.0012691359734162688
-0.0012691359734162688
-0.0012691359734162688
-0.0012691359734162688
-0.0012691359734162688
-0.0012691359734162688
-0.0012691359734162688
-0.0012691359734162688
-0.0012691359734162688
-0.0012691359734162688
-0.0012691359734162688
-0.0012691359734162688
-0.0012691359734162688
-0.0012691359734162688
-0.0012691359734162688
-0.0012691359734162688
-0.0012691359734162688
-0.0012691359734162688
-0.0012691359734162688
-0.0012691359734162688
-0.0012691359734162688
-0.0012691359734162688
-0.0012691359734162688
-0.0012691359734162688
-0.0012691359734162688
-0.0012691359734162688
-0.0012691359734162688
-0.0012691359734162688
-0.0012691359734162688
-0.0012691359734162688
-0.0012691359734162688
-0.0012691359734162688
-0.0012691359734162688
-0.0012691359734162688
-0.0012691359734162688
-0.0012691359734162688
-0.0012691359734162688
-0.0012691359734162688
-0.0012691359734162688
-0.0012691359734162688
-0.0012691359734162688
-0.0012691359734162688
-0.0012691359734162688
-0.0012691359734162688
-0.0012691359734162688
-0.0012691359734162688
-0.0012691359734162688
-0.0012691359734162688
-0.0012691359734162688
0.0031553448643535376
-0.0012691359734162688
-0.0012691359734162688
-0.0012691359734162688
-0.0012691359734162688
-0.0012691359734162688
-0.0012691359734162688
-0.0012691359734162688
0.00036344421096146107
0.011455978266894817
0.008151015266776085
-0.0012691359734162688
-0.0012691359734162688
-0.0012691359734162688
-0.0012691359734162688
-0.0012691359734162688
-0.0012691359734162688
-0.0012691359734162688
-0.0012691359734162688
-0.0012691359734162688
-0.0012691359734162688
-0.0012691359734162688
0.002237454755231738
-0.0012691359734162688
-0.0012691359734162688
-0.0012691359734162688
-0.0012691359734162688
-0.0012691359734162688
-0.0006158893229439855
-0.0012691359734162688
-0.0012691359734162688
-0.0012691359734162688
-0.0012691359734162688
-0.0012691359734162688
0.0006967789959162474
0.0013266608584672213
0.006262106820940971
0.0071477023884654045
0.007089025806635618
0.007416081614792347
0.0072328164242208
0.008617541752755642
0.009769761003553867
0.010373149067163467
0.010850435122847557
0.011258658021688461
0.010641749948263168
0.011445732787251472
0.012326618656516075
0.012621574103832245
0.012194603681564331
0.013734232634305954
0.013831243850290775
0.015163267031311989
0.01646164245903492
0.016258051618933678
0.016783414408564568
0.020748911425471306
0.016482533887028694
0.015063770115375519
0.01531648263335228
0.01595921255648136
0.01496833935379982
0.01498765405267477
0.014540557749569416
0.014722872525453568
0.014758862555027008
0.015027116984128952
0.018739255145192146
0.022962898015975952
0.023473257198929787
0.0238711629062891
0.024307770654559135
0.026090184226632118
0.025813166052103043
0.02715906873345375
0.025996457785367966
0.027698222547769547
0.028436722233891487
0.029403986409306526
0.030092628672719002
0.03092595748603344
0.03203747421503067
0.032552432268857956
0.03323132544755936
0.03214675560593605
0.03135741874575615
0.03213256224989891
0.035875096917152405
0.03725471347570419
0.036721549928188324
0.04765745997428894
0.046266116201877594
0.041550081223249435
0.03823380544781685
0.03795965388417244
0.04070281609892845
0.04109800234436989
0.0404474176466465
0.04054693132638931
0.04132435843348503
0.043489474803209305
0.04558756574988365
0.04758286476135254
0.04656166210770607
0.04680737107992172
0.04851428419351578
0.04254572466015816
0.04659348726272583
0.044448692351579666
0.04545390233397484
0.046883631497621536
0.047477707266807556
0.05083833262324333
0.052369680255651474
0.052652619779109955
0.05296650901436806
0.0538165383040905
0.05274587497115135
0.05680700019001961
0.053172364830970764
0.05428776517510414
0.05305042117834091
0.05337870493531227
0.05377199873328209
0.05170746147632599
0.05445810779929161
0.051979780197143555
0.053913190960884094
0.053398989140987396
0.05188365653157234
0.05174640193581581
0.04969102889299393
0.05271460488438606
0.052411798387765884
0.053266022354364395
0.05389436334371567
0.054179199039936066
0.052227746695280075
0.052345167845487595
0.0535435825586319
0.05281900614500046
0.05967386066913605
0.058855850249528885
0.057386018335819244
0.0563715361058712
0.0569850355386734
0.05533072352409363
0.05560406297445297
0.05530102550983429
0.05652761459350586
0.05573221668601036
0.05395754426717758
0.055895399302244186
0.053557999432086945
0.05286266654729843
0.06633194535970688
0.06620258837938309
0.05592552572488785
0.054200783371925354
0.058790892362594604
0.058360014110803604
0.05781572312116623
0.05834716558456421
0.05806771665811539
0.058221932500600815
0.05708782374858856
0.05694350227713585
0.059110768139362335
0.05972685292363167
0.05905013158917427
0.059343501925468445
0.05765959247946739
0.05725628137588501
0.05800885334610939
0.057143256068229675
0.05913074314594269
0.05936276912689209
0.05959656834602356
0.060700803995132446
0.06150355562567711
0.06127791851758957
0.05915458872914314
0.056660618633031845
0.054193079471588135
0.05004183575510979
0.05778801068663597
0.05518966540694237
0.04158006235957146
0.042011089622974396
0.04013986140489578
0.038395561277866364
0.03606614097952843
0.03506869822740555
0.034789226949214935
0.03222881257534027
0.03275515139102936
0.03417488932609558
0.03127247095108032
0.030982105061411858
0.028968391939997673
0.027779584750533104
0.027107305824756622
0.026076097041368484
0.02574521116912365
0.025540802627801895
0.027931993827223778
0.027843674644827843
0.031247438862919807
0.028010541573166847
0.028287628665566444
0.026385264471173286
0.026198996230959892
0.025755152106285095
0.023406334221363068
0.023381734266877174
0.02355160564184189
0.02197510004043579
0.023115839809179306
0.027844825759530067
0.015316803008317947
0.015344933606684208
0.014881485141813755
0.01540828961879015
0.015908189117908478
0.016729477792978287
0.015904812142252922
0.014281357638537884
0.01514898706227541
0.015167264267802238
0.01547261793166399
0.012601298280060291
0.009910098277032375
0.010465172119438648
0.01007272582501173
0.00933960173279047
0.009625284001231194
0.010219252668321133
0.012124979868531227
0.01219910942018032
0.011691761203110218
0.012538889423012733
0.01269643846899271
