-0.043249066919088364
-0.04459725692868233
-0.04741464927792549
-0.04926091432571411
-0.04635421186685562
-0.04352768883109093
-0.04060446098446846
-0.03850901126861572
-0.0371224470436573
-0.03640097379684448
-0.03576565906405449
-0.03448743000626564
-0.035048700869083405
-0.03515017777681351
-0.03443456068634987
-0.032419294118881226
-0.03335738927125931
-0.03587951138615608
-0.03823230415582657
-0.03831569477915764
-0.03756319358944893
-0.036799896508455276
-0.032790329307317734
-0.029284797608852386
-0.026593362912535667
-0.023418182507157326
-0.020258964970707893
-0.018493372946977615
-0.0173504576086998
-0.014287447556853294
-0.012532148510217667
-0.010116847231984138
-0.010123704560101032
-0.010433193296194077
-0.010797757655382156
-0.009376276284456253
-0.008147788234055042
-0.005842419806867838
-0.004452534485608339
-0.0023847734555602074
-9.464786853641272e-05
0.0006939866580069065
-0.00039452756755053997
-0.00548219308257103
-0.01232842542231083
-0.01900237612426281
-0.02517419308423996
-0.02982892282307148
-0.032404135912656784
-0.03646402806043625
-0.03589704632759094
-0.03607725352048874
-0.03785089775919914
-0.041720639914274216
-0.04496302455663681
-0.04959486424922943
-0.04827622324228287
-0.04666264355182648
-0.04187454283237457
-0.04059561342000961
-0.041502006351947784
-0.04210334271192551
-0.045666616410017014
-0.051599062979221344
-0.061523210257291794
-0.0683976337313652
-0.06943259388208389
-0.0641767829656601
-0.05709686875343323
-0.05267198383808136
-0.05050373077392578
-0.04988338425755501
-0.04816686734557152
-0.04461967945098877
-0.04113422706723213
-0.037073057144880295
-0.0350787416100502
-0.0364939384162426
-0.03568539023399353
-0.03668760508298874
-0.037363916635513306
-0.03503620624542236
-0.03221376612782478
-0.02814156375825405
-0.021444469690322876
-0.021138641983270645
-0.020826779305934906
-0.020029284060001373
-0.018988484516739845
-0.02108057402074337
-0.019490724429488182
-0.023411765694618225
-0.028431326150894165
-0.029706258326768875
-0.03133326396346092
-0.03372028470039368
-0.02926003932952881
-0.023912429809570312
-0.016741285100579262
-0.011100370436906815
-0.01323734037578106
-0.018207890912890434
-0.021559808403253555
-0.02429431676864624
-0.02810678817331791
-0.029189782217144966
-0.02641257271170616
-0.02337896078824997
-0.019624093547463417
-0.012398533523082733
-0.00392164196819067
0.0005940118571743369
0.0017678181175142527
0.006304851267486811
0.011824537068605423
0.01756642758846283
0.02111964486539364
0.026451746001839638
0.03065936267375946
0.03560787811875343
0.03478322550654411
0.03404112160205841
0.027408717200160027
0.03094508685171604
0.0326869823038578
0.035615261644124985
0.036997511982917786
0.036708489060401917
0.03779222443699837
0.03425111994147301
0.026552611961960793
0.02832644060254097
0.02999762073159218
0.02696915715932846
0.01982012763619423
0.011605692096054554
0.008579929359257221
-0.0029002493247389793
-0.012114712037146091
-0.02191539853811264
-0.030520867556333542
-0.03978586196899414
-0.043904826045036316
-0.04545500501990318
-0.060201920568943024
-0.060527510941028595
-0.0685998722910881
-0.07895193994045258
-0.06616713851690292
-0.050066836178302765
-0.03624923154711723
-0.023350881412625313
-0.004088656976819038
0.007627169601619244
0.01741212047636509
0.022580012679100037
0.017170557752251625
0.007426894269883633
0.001713364850729704
-0.0121510811150074
-0.023979347199201584
-0.03646829351782799
-0.05128833279013634
-0.05567216873168945
-0.051055267453193665
-0.03865252807736397
-0.021596485748887062
-0.0037617310881614685
0.0198040958493948
0.028875233605504036
0.03589601442217827
0.0393170565366745
0.03962182626128197
0.039032239466905594
0.04359882324934006
0.046360306441783905
0.046681683510541916
0.052851974964141846
0.06437849253416061
0.06533295661211014
0.07125267386436462
0.06442950665950775
0.06021933630108833
0.053638484328985214
0.051946185529232025
0.054158780723810196
0.055162131786346436
0.05563166365027428
0.06147279217839241
0.05731208622455597
0.0465284064412117
0.04066905379295349
0.030788136646151543
0.025547616183757782
0.029590636491775513
0.035568103194236755
0.03489303216338158
0.031242286786437035
0.029221061617136
0.03099960647523403
0.04238156974315643
0.041090648621320724
0.03904940187931061
0.04049030318856239
0.030849339440464973
0.025719424709677696
0.016226353123784065
0.007949743419885635
-0.004330925643444061
-0.01503471378237009
-0.015087665989995003
-0.013680375181138515
-0.016649030148983
-0.0189125444740057
-0.013158407993614674
-0.008824368938803673
-0.0004985759733244777
0.0028707762248814106
-0.01119963638484478
-0.02019854262471199
-0.023121317848563194
-0.014551008120179176
-0.010599371045827866
-0.00341918901540339
0.0034677693620324135
-0.015232771635055542
-0.0370253250002861
-0.05594683066010475
-0.07563938200473785
-0.08670366555452347
-0.09273066371679306
-0.09647080302238464
-0.10601197183132172
-0.1086169183254242
-0.10883989185094833
-0.10649920254945755
-0.10440687090158463
-0.09546372294425964
-0.09184993803501129
-0.08962703496217728
-0.07951699942350388
-0.07228411734104156
-0.07816887646913528
-0.07301656901836395
-0.06193140521645546
-0.05762235447764397
-0.05255424231290817
-0.05039377510547638
-0.05057249590754509
-0.04411810636520386
-0.04538903757929802
-0.03837471455335617
-0.035491202026605606
-0.04468539357185364
-0.055007677525281906
-0.06610497832298279
-0.07474084943532944
-0.0821787491440773
-0.08682839572429657
-0.08817699551582336
-0.07643395662307739
-0.06588650494813919
-0.06468427926301956
-0.06606560200452805
-0.06718721240758896
-0.0752209797501564
-0.08063212037086487
-0.07995255291461945
-0.08924838900566101
-0.09242822229862213
-0.0893370509147644
-0.0827973261475563
-0.07842540740966797
-0.08427976816892624
-0.09824305772781372
-0.10636526346206665
-0.11207599937915802
-0.1195407286286354
-0.11656076461076736
-0.10997642576694489
-0.10333336889743805
-0.09599018096923828
-0.08471044898033142
-0.08320686966180801
-0.09506553411483765
-0.10509137064218521
-0.11743379384279251
-0.12097800523042679
-0.1200423613190651
-0.12077298760414124
-0.12256422638893127
-0.124585822224617
-0.11714952439069748
-0.1219332367181778
-0.11302349716424942
-0.12401487678289413
-0.1287757307291031
-0.13407471776008606
-0.15611037611961365
-0.17153771221637726
-0.18332944810390472
-0.17914743721485138
-0.17400924861431122
-0.17261561751365662
-0.1701153963804245
-0.16948023438453674
-0.16492398083209991
-0.14947070181369781
-0.15103957056999207
-0.15520842373371124
-0.15065288543701172
-0.15264147520065308
-0.1526203751564026
-0.14867748320102692
