-0.054965313524
-0.0261413678527
-0.0114285964519
-0.00815707817674
-0.00352650275454
-0.00230938126333
-0.00507286051288
-0.00670473417267
-0.00755256647244
-0.00751597248018
-0.0060380641371
-0.00565623212606
-0.00487819500268
-0.00350307836197
-0.00179552077316
-0.000196499284357
0.00194737873971
0.00345051800832
0.00339794484898
0.0033156038262
0.0052269087173
0.0077612712048
0.0105596575886
0.0129453577101
0.0151983071119
0.0175976436585
0.0188683811575
0.0183853134513
0.0161362290382
0.0144045352936
0.0126720089465
0.00984749384224
0.00514906691387
0.000534019898623
-0.00334231229499
-0.00676959985867
-0.00898996926844
-0.00960875675082
-0.0120312403888
-0.0149485953152
-0.0169281046838
-0.0165530722588
-0.0153527446091
-0.0140346046537
-0.012464845553
-0.0110717173666
-0.008769614622
-0.00692851981148
-0.00554806785658
-0.00512234261259
-0.00433839205652
-0.00351362908259
-0.00362088740803
-0.00424079829827
-0.00620826892555
-0.00780965434387
-0.0085046608001
-0.0111574772745
-0.0140563994646
-0.0151449479163
-0.0153933558613
-0.0153734255582
-0.0145430825651
-0.0125039657578
-0.0106011480093
-0.0093223946169
-0.00884488970041
-0.0106638716534
-0.012683564797
-0.0142976362258
-0.0156321134418
-0.0162622705102
-0.0163771566004
-0.015420826152
-0.0139852464199
-0.0129992105067
-0.0118038374931
-0.00921719893813
-0.00744949141517
-0.006232987158
-0.00491485185921
-0.00425353739411
-0.00488422717899
-0.00543642323464
-0.00535273505375
-0.00538835208863
-0.00557544315234
-0.00604531448334
-0.00608332222328
-0.00734471948817
-0.00716739473864
-0.0076990891248
-0.00846166536212
-0.00929724704474
-0.0102780619636
-0.011094362475
-0.0115803685039
-0.0116256978363
-0.0119880326092
-0.0112093184143
-0.0103150438517
-0.0096794180572
-0.00853960122913
-0.00756333954632
-0.00617356738076
-0.0034822919406
-0.000381712336093
0.00313655892387
0.00694481888786
0.0104200728238
0.0138000715524
0.0165733154863
0.0192396622151
0.0220882426947
0.0249113980681
0.0274621993303
0.0286669954658
0.0286292023957
0.0281410887837
0.0285290405154
0.0294632278383
0.030724324286
0.0324572212994
0.034437648952
0.0367376618087
0.0401564724743
0.0438427887857
0.0467356741428
0.0491329170763
0.050583679229
0.0522883310914
0.0543069206178
0.0559956207871
0.058145172894
0.0605276525021
0.0626712664962
0.0647817924619
0.0663901045918
0.0675500333309
0.0687303766608
0.070085324347
0.0717127546668
0.072529502213
0.0729300901294
0.0736530423164
0.0740172639489
0.0741620436311
0.0746157690883
0.075639680028
0.0773017928004
0.0790571644902
0.0796903818846
0.0796146169305
0.0793966725469
0.0799108669162
0.0814830139279
0.0835084170103
0.0854840949178
0.0874172374606
0.0889224559069
0.0905506536365
0.0924078375101
0.0934533551335
0.0935699120164
0.0929460078478
0.0918291658163
0.0910989493132
0.0908901765943
0.0908402055502
0.0908293798566
0.0911196544766
0.0910495072603
0.0904626995325
0.0893662497401
0.0881568863988
0.0870042443275
0.0855839252472
0.0839487239718
0.0815618857741
0.0789916068316
0.0769141986966
0.0758966803551
0.076098382473
0.0760240107775
0.0745503678918
0.0728598237038
0.071849219501
0.0718910098076
0.0736492946744
0.0763022378087
0.0793203487992
0.082841604948
0.0859767496586
0.0886910930276
0.0915990993381
0.0941387414932
0.0953360572457
0.095876827836
0.096131362021
0.0963318496943
0.0967266112566
0.0970063880086
0.0981428399682
0.0998721793294
0.102134220302
0.103304080665
0.104109428823
0.103831194341
0.102824829519
0.101447798312
0.0991675183177
0.0960906594992
0.0930051729083
0.0908353924751
0.0900515392423
0.0886329934001
0.0863240137696
0.0833855345845
0.0808822661638
0.0799030512571
0.079544916749
0.0802288502455
0.0810930281878
0.0821301192045
0.0834794417024
0.0849416479468
0.086431093514
0.0874429643154
0.0872063487768
0.0880967453122
0.0897450447083
0.0914608091116
0.0936368405819
0.0961128249764
0.0982375741005
0.101059041917
0.1034559533
0.10434152931
0.105013020337
0.103569358587
0.098861977458
0.0929533690214
0.0866672471166
0.0811048969626
0.0771105736494
0.0736414268613
0.0713931694627
0.0683028623462
0.0654931664467
0.0631053596735
0.0630344152451
0.0655290260911
0.0678628534079
0.0695014744997
0.0701582059264
0.0711717754602
0.0723911076784
0.073167078197
0.0745687708259
0.0754617527127
0.0747740119696
0.0730412900448
0.0727568119764
0.0734763965011
0.0750547721982
0.0769569352269
0.0789044052362
0.0804472267628
0.0801506787539
0.0782595723867
0.0757166668773
0.0731677561998
0.0697400346398
0.0671220570803
0.0635005012155
0.0616687834263
0.0608434230089
0.0598813146353
0.0596416816115
0.0579967349768
0.055268432945
0.052446488291
0.0507071167231
0.0501114949584
0.0507164373994
0.0512205213308
0.0518157035112
0.0525651648641
0.0518948175013
0.050377137959
0.0489330515265
0.0472898408771
0.0456428974867
0.0430112332106
0.0412450842559
0.03923464939
0.0383381918073
0.0373107269406
0.0361440554261
0.0355692282319
0.0363312400877
0.0371206775308
0.0373793281615
0.0367417037487
0.0367411412299
0.0369832105935
0.0370081402361
0.0368678607047
0.0368211716413
0.0368191972375
0.035910256207
0.0343624427915
0.031891155988
0.0296945571899
