0
-1.979e-16
-4.0048e-16
-2.3019e-16
3.4332e-18
-1.8721e-16
-1.2576e-16
-6.9443e-17
-1.343e-16
-3.9522e-17
2.628e-17
-1.1117e-16
1.7812e-17
-4.4411e-17
-5.0303e-17
-1.7622e-17
3.8407e-18
3.0918e-18
3.7516e-16
2.3325e-16
2.3212e-16
2.265e-16
2.1698e-16
2.0686e-16
1.9861e-16
1.9347e-16
1.9155e-16
3.0804e-16
1.9435e-16
1.9685e-16
1.9794e-16
-3.2323e-17
-3.218e-17
-3.133e-17
3.7937e-05
0.00029662
0.00082946
0.0015815
0.0035388
0.0056123
0.0091956
0.01323
0.018422
0.024567
0.031493
0.039402
0.047987
0.057199
0.067057
0.077265
0.087872
0.098857
0.10981
0.12109
0.13219
0.1432
0.1545
0.16515
0.17632
0.18671
0.19688
0.20698
0.21654
0.22575
0.23479
0.24303
0.25122
0.25876
0.26578
0.27284
0.27882
0.28514
0.29064
0.29566
0.30072
0.30525
0.30936
0.31347
0.31679
0.3201
0.32306
0.32547
0.32815
0.33003
0.33197
0.33386
0.33529
0.3367
0.33796
0.33882
0.33985
0.34039
0.3408
0.34145
0.34159
0.342
0.34227
0.34229
0.34241
0.34241
0.34226
0.34245
0.3422
0.34237
0.34249
0.34247
0.34265
0.34267
0.34258
0.34258
0.34227
0.34196
0.34177
0.34115
0.34102
0.3405
0.34019
0.34001
0.33966
0.33902
0.33799
0.33631
0.33399
0.33083
0.32684
0.32197
0.31622
0.30966
0.3023
0.29419
0.28548
0.27618
0.2664
0.25624
0.24576
0.23507
0.22422
0.2133
0.20236