-0.0012691359734162688
0.02282021939754486
0.014248509891331196
0.015410167165100574
0.014745806343853474
0.015700029209256172
0.01787918247282505
0.04946599528193474
0.04774446040391922
0.01830686815083027
0.016755159944295883
0.015469134785234928
0.014659285545349121
0.011740230955183506
-0.0012691359734162688
-0.0012691359734162688
-0.0012691359734162688
-0.0012691359734162688
0.011667167767882347
-0.0012691359734162688
-0.0005076672532595694
-0.0012691359734162688
-0.0012691359734162688
-0.0012691359734162688
-0.0012691359734162688
-0.0012691359734162688
-0.0012691359734162688
-0.0012691359734162688
-0.0012691359734162688
-0.0012691359734162688
-0.0012691359734162688
-0.0012691359734162688
-0.0012691359734162688
-0.0012691359734162688
-0.0012691359734162688
-0.0012691359734162688
-0.0012691359734162688
-0.0012691359734162688
-0.0012691359734162688
-0.0012691359734162688
0.005635352339595556
0.008110551163554192
5.591544322669506e-06
0.0004797091241925955
-0.0012691359734162688
-0.0012691359734162688
-0.0012691359734162688
-0.0012691359734162688
-0.0012691359734162688
-0.0012691359734162688
-0.0012691359734162688
-0.0012691359734162688
-0.0012691359734162688
0.0030297222547233105
0.00593691598623991
0.011056006886065006
0.012958436273038387
0.018094168975949287
0.01441352441906929
0.02293342351913452
0.060156431049108505
0.050254832953214645
0.04942997172474861
0.05291208624839783
0.05498955026268959
0.05595335364341736
0.05897078290581703
0.05807718262076378
0.06204809620976448
0.06601836532354355
0.07534360140562057
0.07344715297222137
0.06793613731861115
0.07459963113069534
0.0834585577249527
0.08142967522144318
0.08075008541345596
0.08820556849241257
0.09741873294115067
0.10269686579704285
0.10300837457180023
0.10124436020851135
0.10362163931131363
0.10284075140953064
0.1131647527217865
0.11114103347063065
0.11600993573665619
0.11560123413801193
0.11411295086145401
0.10990849882364273
0.10951880365610123
0.12157343327999115
0.12086152285337448
0.1282796859741211
0.11483584344387054
0.12373736500740051
0.11410022526979446
0.12184509634971619
0.12698304653167725
0.11737260967493057
0.11644154787063599
0.11296933889389038
0.1041165143251419
0.10310213267803192
0.10479063540697098
0.1056031584739685
0.10729359835386276
0.10882436484098434
0.11244875192642212
0.13711434602737427
0.12546740472316742
0.11733037233352661
0.12592940032482147
0.1209111139178276
0.10909005254507065
0.1301143616437912
0.12143571674823761
0.13630937039852142
0.1100296676158905
0.10021329671144485
0.10934364795684814
0.10749933123588562
0.10965339094400406
0.12198737263679504
0.13511598110198975
0.1341150850057602
0.13872872292995453
0.13772033154964447
0.12930512428283691
0.12459207326173782
0.11665908992290497
0.11264260858297348
0.09457099437713623
0.08458079397678375
0.07556114345788956
0.07443398237228394
0.06568968296051025
0.06350430846214294
0.06473167985677719