0.03271994739770889
0.03600454330444336
0.03929958865046501
0.040281906723976135
0.038922421634197235
0.03408672288060188
0.028502101078629494
0.02371429093182087
0.01622781902551651
0.011081835255026817
0.008892674930393696
0.007254673633724451
0.006784280762076378
0.007924018427729607
0.010428663343191147
0.015743082389235497
0.02332277223467827
0.038771871477365494
0.04998292028903961
0.06567219644784927
0.07651884853839874
0.07212913781404495
0.06613357365131378
0.06046753004193306
0.05951189994812012
0.05998104810714722
0.06016017124056816
0.061516985297203064
0.06791434437036514
0.06902094185352325
0.06890061497688293
0.06614504009485245
0.06441044807434082
0.0633230209350586
0.06346146762371063
0.061816658824682236
0.06032966077327728
0.058153148740530014
0.06022508814930916
0.06457160413265228
0.06497989594936371
0.06248076260089874
0.06359047442674637
0.061829231679439545
0.0606432780623436
0.05986042320728302
0.062030285596847534
0.06247876584529877
0.06355571001768112
0.07177940756082535
0.07921614497900009
0.08652928471565247
0.09811519086360931
0.10124664753675461
0.10361947119235992
0.11197961121797562
0.11585535109043121
0.11931604892015457
0.11889947205781937
0.11246079951524734
0.12170115858316422
0.12159128487110138
0.12442737072706223
0.1264255940914154
0.13162967562675476
0.13521063327789307
0.1427498310804367
0.14755114912986755
0.15634816884994507
0.1645517349243164
0.17191030085086823
0.177749902009964
0.1871059536933899
0.20337404310703278
0.21563129127025604
0.22213298082351685
0.2201734036207199
0.22720946371555328
0.22984737157821655
0.23609475791454315
0.23672622442245483
0.24323926866054535
0.23936277627944946
0.23926134407520294
0.23268213868141174
0.2308228462934494
0.22900427877902985
0.23354259133338928
0.24566957354545593
0.24184386432170868
0.24180534482002258
0.2435375601053238
0.2434137910604477
0.2514878213405609
0.2553556263446808
0.255294531583786
0.2546233534812927
0.257303923368454
0.26186642050743103
0.2705823481082916
0.27773135900497437
0.28145092725753784
0.28586575388908386
0.28714922070503235
0.28218257427215576
0.2810816764831543
0.2774587869644165
0.2714579999446869
0.26921185851097107
0.26539090275764465
0.261762410402298
0.2631421387195587
0.2690606415271759
0.2758368253707886
0.2788122296333313
0.28141146898269653
0.2758137583732605
0.2719489336013794
0.2612312138080597
0.24835044145584106
0.24305787682533264
0.23119553923606873
0.22163991630077362
0.21649907529354095
0.20430654287338257
0.19838055968284607
0.19512677192687988
0.19424644112586975
0.18782491981983185
0.18619780242443085
0.18344591557979584
0.17956790328025818
0.16453991830348969
0.140370711684227
0.12476632744073868
0.11361560970544815
0.10467570275068283
0.10428417474031448
0.10724665969610214