-0.00067375600338
-0.000781417824328
0.0082489438355
0.0101560652256
0.01241501607
0.0126251820475
0.0110534671694
0.00676835561171
-0.000490738078952
-0.00639262888581
-0.0105217844248
-0.013091435656
-0.0151552539319
-0.0154404025525
-0.0157466642559
-0.018218556419
-0.0200044419616
-0.0199088659137
-0.0205874610692
-0.0237382482737
-0.0282129850239
-0.0299978386611
-0.0282916128635
-0.0276177339256
-0.0270727202296
-0.0236280392855
-0.0203951820731
-0.0181099995971
-0.0144074782729
-0.0116499671713
-0.00933851860464
-0.00721288938075
-0.00636960985139
-0.00344548374414
-0.00101223075762
-0.00204574130476
-0.00567362923175
-0.0120555190369
-0.019938217476
-0.0210267081857
-0.0175777729601
-0.0148628447205
-0.012395628728
-0.00848375074565
-0.00613576779142
-0.0049384557642
-0.00214617117308
0.00341576291248
0.00726023735479
0.00927691161633
0.0112520903349
0.0124039538205
0.0170743931085
0.0238457340747
0.0299952849746
0.0350687094033
0.0407005213201
0.0468425042927
0.0534735433757
0.0628374218941
0.0687603801489
0.0698121041059
0.0691845118999
0.0702742114663
0.0797503590584
0.0867538377643
0.0938336029649
0.101247303188
0.11226875335
0.126433119178
0.140187799931
0.151845142245
0.160493031144
0.170347288251
0.180973485112
0.19183409214
0.195709317923
0.196396008134
0.198444902897
0.202762275934
0.205883681774
0.207737222314
0.206875771284
0.204864904284
0.207118064165
0.211420610547
0.217367738485
0.223674342036
0.228094607592
0.230091720819
0.230297744274
0.228829264641
0.225198581815
0.222687020898
0.224225699902
0.225007995963
0.222622901201
0.216478094459
0.205271616578
0.193231150508
0.186666831374
0.184783667326
0.187151581049
0.192416667938
0.200105577707
0.20999892056
0.217764735222
0.221759185195
0.221667692065
0.214211583138
0.209312513471
0.210483491421
0.214109063148
0.219385057688
0.224596127868
0.228532895446
0.230321213603
0.232447370887
0.235831707716
0.238031759858
0.238785222173
0.238222151995
0.23527097702
0.232083797455
0.230136007071
0.229585066438
0.231970712543
0.235592484474
0.237223491073
0.237066552043
0.234603509307
0.230658367276
0.226120606065
0.219083949924
0.209159493446
0.200301915407
0.190313756466
0.180343970656
0.17127045989