0.018713992089033127
-0.0012691359734162688
-0.0012691359734162688
-0.0012691359734162688
0.012794123031198978
0.01500043272972107
0.016538385301828384
0.010811788029968739
0.008369417861104012
-0.0012691359734162688
-0.0012691359734162688
-0.0012691359734162688
0.016417212784290314
0.0351567380130291
0.015308837406337261
0.007276385091245174
-0.0012691359734162688
-0.0012691359734162688
-0.0012691359734162688
-0.0012691359734162688
0.01933373510837555
-0.0012691359734162688
0.15523448586463928
0.04553617537021637
0.06563489884138107
0.07922542840242386
0.09749824553728104
0.16314232349395752
0.09953495115041733
0.2331935167312622
0.018395187333226204
0.06161466985940933
0.07477465271949768
0.03432430326938629
0.060191262513399124
0.05822443962097168
0.018459536135196686
-0.017214562743902206
-0.01651422679424286
-0.10538536310195923
-0.06150650233030319
-0.04919438064098358
0.24288496375083923
0.06546134501695633
0.7138556838035583
0.582406222820282
-0.0651441439986229
-0.06378556787967682
-0.09207426011562347
-0.09327791631221771
-0.0962444469332695
-0.10705560445785522
-0.12613680958747864
-0.16551457345485687
-0.1718837022781372
-0.1772962063550949
-0.17550137639045715
-0.16809891164302826
-0.16326762735843658
-0.17042313516139984
-0.17895731329917908
-0.1666804403066635
-0.16690866649150848
-0.1644555628299713
-0.16509577631950378
-0.16269885003566742
-0.19948112964630127
-0.21107083559036255
-0.19590876996517181
-0.19679339230060577
-0.18409951031208038
-0.2697749435901642
-0.31615984439849854
-0.12466598302125931
-0.10989341884851456
-0.18580244481563568
-0.738718569278717
-0.7634217143058777
-0.700315535068512
-0.6250737905502319
-0.5010368227958679
-0.4286523759365082
-0.5035693645477295
-0.5047227740287781
-0.4837586283683777
-0.398346483707428
-0.3575809597969055
-0.3003362715244293
-0.10347548127174377
-0.13839121162891388
-0.11531712114810944
-0.15540558099746704
-0.16963307559490204
-0.13469359278678894
-0.09850243479013443
-0.13220372796058655
-0.1275092214345932
-0.07879030704498291
-0.06826797127723694
-0.046161726117134094
-0.018330540508031845
0.06489918380975723
0.003043467178940773
-0.0012691359734162688
0.06938464194536209
-0.49964773654937744
-0.4427671730518341
-0.27617818117141724
0.020206641405820847
0.2789658308029175
-0.11483398079872131
-0.10646133869886398
-0.09929988533258438
-0.09176888316869736
-0.10831908881664276
-0.1412610411643982
-0.1100333034992218
-0.0853923037648201
-0.10142942517995834
-0.09577170759439468
-0.08625558018684387
-0.0012691359734162688
-0.01137377880513668
-0.07424996793270111
-0.0592573918402195
-0.0604594424366951
-0.0736532211303711
-0.08355340361595154
-0.07919377833604813
