0.057513535022735596
0.05975624546408653
0.07244028896093369
0.0808844342827797
0.08491910994052887
0.08819801360368729
0.08690390735864639
0.07603180408477783
0.0689115971326828
0.06307552754878998
0.06243395805358887
0.046967700123786926
0.025696592405438423
-0.006791210733354092
-0.02834545634686947
-0.04398440942168236
-0.056256186217069626
-0.07619410753250122
-0.0862346738576889
-0.09431270509958267
-0.10442889481782913
-0.11391917616128922
-0.12297280132770538
-0.13251785933971405
-0.13486292958259583
-0.14361727237701416
-0.17298713326454163
-0.21193721890449524
-0.2586020827293396
-0.27729061245918274
-0.30943435430526733
-0.32801565527915955
-0.3750331401824951
-0.4037826657295227
-0.405244380235672
-0.4078510105609894
-0.41438591480255127
-0.402060329914093
-0.38181713223457336
-0.39452889561653137
-0.45301079750061035
-0.47702404856681824
-0.48208320140838623
-0.48478469252586365
-0.48392871022224426
-0.4895588457584381
-0.49065789580345154
-0.46503838896751404
-0.4314933121204376
-0.40807655453681946
-0.3736092448234558
-0.3534487783908844
-0.32929909229278564
-0.3064727783203125
-0.2845649719238281
-0.2655547261238098
-0.24533364176750183
-0.21926864981651306
-0.19580377638339996
-0.17518913745880127
-0.1534445583820343
-0.142580047249794
-0.14425063133239746
-0.13810166716575623
-0.12883086502552032
-0.10244160145521164
-0.0786372497677803
-0.06217484548687935
-0.051067471504211426
-0.037084437906742096
-0.02089383825659752
-0.003531813155859709
0.017677078023552895
0.03349415957927704
0.0348556824028492
0.03339824452996254
0.03891326114535332
0.044225484132766724
0.05566585436463356
0.06465074419975281
0.07247885316610336
0.07865045219659805
0.07973355054855347
0.08188150078058243
0.09331019222736359
0.10034819692373276
0.10747361928224564
0.11021959036588669
0.1204499676823616
0.13556167483329773
0.1406600922346115
0.14305369555950165
0.15204133093357086
0.1481650471687317
0.14709806442260742
0.13741694390773773
0.12974154949188232
0.12060736119747162
0.10298732668161392
0.09685654938220978
0.08101970702409744
0.06674414128065109
0.05810064822435379
0.05014146491885185
0.03786715120077133
0.03336672484874725
0.030709872022271156
0.024662073701620102
0.03536082059144974
0.04125017300248146
0.03351590037345886
0.021235477179288864
0.01570040173828602
0.008862500078976154
0.006272064987570047
0.0019040699116885662
-0.005883972160518169
-0.016670214012265205
-0.019629213958978653
-0.020946871489286423
-0.023368554189801216
-0.019586805254220963
-0.019842080771923065
-0.01947510987520218
-0.01867559924721718
-0.02262626215815544
-0.030548095703125
-0.0338117778301239
-0.038087718188762665
