0.0154099054635
0.0228752121329
0.0379258953035
0.0460780188441
0.04163017869
0.0341221727431
0.0278386957943
0.0210647284985
0.012750454247
0.0029455376789
-0.003965835087
-0.00725100003183
-0.00864311307669
-0.0101300161332
-0.0139583889395
-0.00823871698231
-0.00136161455885
0.00403485121205
0.00806837901473
0.00965028256178
0.009152315557
0.00569482473657
0.00309188989922
0.000331514514983
-0.00366714224219
-0.00733745284379
-0.0109319612384
-0.0156640037894
-0.0194162409753
-0.0235015004873
-0.0267131403089
-0.0281285922974
-0.0316583290696
-0.0369404405355
-0.0440992861986
-0.0539069063962
-0.065470315516
-0.0758035257459
-0.082309037447
-0.0833793133497
-0.0886668711901
-0.0987162813544
-0.10599412024
-0.112486481667
-0.118347555399
-0.123771294951
-0.129413217306
-0.135491102934
-0.142470762134
-0.15144816041
-0.158362016082
-0.166471675038
-0.176301687956
-0.184189587831
-0.190970942378
-0.196438729763
-0.199946507812
-0.202403247356
-0.204213798046
-0.207109093666
-0.21008092165
-0.213105544448
-0.222080633044
-0.241482049227
-0.25604224205
-0.269444555044
-0.271511167288
-0.265582352877
-0.256959140301
-0.250178098679
-0.244661733508
-0.240382343531
-0.235366970301
-0.227142840624
-0.223610773683
-0.221096143126
-0.222393378615
-0.222320124507
-0.222779408097
-0.222938790917
-0.224105060101
-0.230155959725
-0.23738861084
-0.235193431377
-0.234482139349
-0.231796890497
-0.231001496315
-0.232582330704
-0.236273273826
-0.242340624332
-0.24488286674
-0.245652347803
-0.24118603766
-0.23670527339
-0.231237590313
-0.224420398474
-0.221398070455
-0.220091149211
-0.218772232533
-0.216337963939
-0.214966490865
-0.214144840837
-0.21239964664
-0.211948543787
-0.212890863419
-0.215573370457
-0.218250483274
-0.22013668716
-0.219862788916
-0.216220095754
-0.209513038397
-0.196777909994
-0.163727134466
-0.113335289061
-0.0778554603457
-0.0600053407252
-0.0567052774131
-0.0563380159438
-0.0557064265013
-0.0616906918585
-0.0673788189888
-0.0706466957927
-0.0736273378134
-0.0776862576604
-0.0801359191537
-0.0809839814901
-0.0781330838799
-0.0713833719492
-0.0639228820801
