0
0
0
-3.8701e-17
-2.5062e-17
-7.6299e-17
-3.1433e-16
-2.414e-16
-1.009e-16
-6.9208e-17
-1.4351e-17
2.7628e-17
2.9945e-17
2.7067e-17
-2.1039e-16
-1.491e-16
4.8095e-18
2.9979e-18
6.2152e-18
9.7316e-18
-8.1484e-17
9.1793e-18
2.9966e-16
1.849e-16
0.00014265
0.00065991
0.0015348
0.0027151
0.0041682
0.0058176
0.0077417
0.010904
0.014355
0.018733
0.023166
0.028163
0.033165
0.039409
0.045594
0.052458
0.059017
0.065739
0.072316
0.079333
0.086303
0.093275
0.099885
0.1061
0.11196
0.11818
0.12397
0.12993
0.13511
0.13997
0.14417
0.14886
0.15298
0.15733
0.16077
0.16398
0.16666
0.16952
0.17222
0.17478
0.17685
0.17851
0.17962
0.18128
0.1826
0.18406
0.18495
0.18575
0.18597
0.1866
0.18713
0.18778
0.1881
0.18819
0.18792
0.18782
0.18799
0.18807
0.18812
0.18787
0.18736
0.18702
0.18688
0.18681
0.18671
0.18641
0.18588
0.1851
0.18512
0.18481
0.18489
0.1845
0.1842
0.18356
0.18339
0.18332
0.18346
0.18351
0.18347
0.18307
0.18345
0.18363
0.18422
0.18439
0.1845
0.18414
0.18448
0.18449
0.18484
0.18462
0.18441
0.18386
0.18377
0.18359
0.18357
0.18328
0.18287
0.18202
0.18079
0.179
0.17664
0.17365
0.17005
0.16584
0.16105
0.15575
0.14999
0.14384
0.13736
0.13065
0.12375
0.11672
