0.013029167428612709
-0.0012691359734162688
-0.0012691359734162688
-0.0012691359734162688
-0.0012691359734162688
-0.0012691359734162688
-0.0012691359734162688
-0.003325918922200799
-0.004261959344148636
-0.005042981822043657
-0.005319465883076191
-0.0012691359734162688
-0.0012691359734162688
-0.0012691359734162688
-0.0012691359734162688
-0.0012691359734162688
-0.0012691359734162688
-0.0012691359734162688
-0.0012691359734162688
-0.0012691359734162688
-0.0012691359734162688
-0.0012691359734162688
-0.0012691359734162688
-0.0012691359734162688
-0.0012691359734162688
-0.0023970832116901875
-0.0012691359734162688
-0.0012691359734162688
-0.0012691359734162688
-0.0012691359734162688
-0.0012691359734162688
-0.0012691359734162688
-0.0012691359734162688
-0.0012691359734162688
-0.0012691359734162688
-0.0012691359734162688
-0.0012691359734162688
-0.0012691359734162688
-0.0012691359734162688
-0.002255246974527836
-0.0012691359734162688
-0.0012691359734162688
-0.0012691359734162688
-0.0012691359734162688
-0.0012691359734162688
-0.0012691359734162688
-0.0012691359734162688
-0.0012691359734162688
-0.0012691359734162688
-0.0012691359734162688
-0.0012691359734162688
-0.0012691359734162688
-0.0012691359734162688
-0.0012691359734162688
0.011812309734523296
0.010441053658723831
0.005752599332481623
0.00017131224740296602
-0.0012691359734162688
0.002371571259573102
0.00823032297194004
0.008056639693677425
0.005795813165605068
0.002500831615179777
0.0021443471778184175
0.008539056405425072
0.010616828687489033
0.01364330854266882
0.019779087975621223
0.022382207214832306
0.02154533751308918
0.025798387825489044
0.02700331248342991
0.02605128474533558
0.020550504326820374
0.014026236720383167
0.01443751621991396
0.017586523666977882
0.015143544413149357
0.014452219009399414
0.01466011069715023
0.013035843148827553
0.014492804184556007
0.013613259419798851
0.01569773443043232
0.022033946588635445
0.018932214006781578
0.014481738209724426
0.01283173356205225
0.0156443752348423
0.01432227436453104
0.012446553446352482
0.014258426614105701
0.016377808526158333
0.01459118165075779
0.018376071006059647
0.020512575283646584
0.019503815099596977
0.01697692833840847
0.019441191107034683
0.016307160258293152
0.012511159293353558
0.012584272772073746
0.012599059380590916
0.011905393563210964
0.010125159285962582
0.011111673898994923
0.012278622016310692
0.015304460190236568
0.018061310052871704
0.015423623844981194
0.014097980223596096
0.015334433875977993
0.014285559765994549
0.019854702055454254
0.015588064678013325
0.00990645308047533
0.01134991180151701
0.010122905485332012
0.01073536742478609
0.009687076322734356
0.0121347326785326
0.013628656975924969
0.013555890880525112
0.014529461041092873
0.023875759914517403
0.02371082454919815
0.024432139471173286
0.03305235132575035
0.026992201805114746
0.02739431895315647
0.026514623314142227
0.02710902690887451
0.013824434950947762
0.015052690170705318
0.015015251003205776
