-0.052113134413957596
-0.05284317210316658
-0.06420223414897919
-0.08459233492612839
-0.11026610434055328
-0.12283197045326233
-0.12968049943447113
-0.14538219571113586
-0.14983844757080078
-0.15805287659168243
-0.15959565341472626
-0.15801909565925598
-0.16198068857192993
-0.16323335468769073
-0.17954184114933014
-0.19479425251483917
-0.19475369155406952
-0.20198163390159607
-0.19908581674098969
-0.20345266163349152
-0.19507692754268646
-0.1807163804769516
-0.16780292987823486
-0.1585254669189453
-0.16118840873241425
-0.1644866168498993
-0.15129739046096802
-0.1525796800851822
-0.1454262137413025
-0.13580036163330078
-0.1238478347659111
-0.11469022184610367
-0.1111471951007843
-0.11311595141887665
-0.11466924846172333
-0.11069776862859726
-0.10833112895488739
-0.10995779186487198
-0.1138211339712143
-0.11853480339050293
-0.12088292092084885
-0.10030337423086166
-0.09679005295038223
-0.0880659818649292
-0.07750526070594788
-0.06435692310333252
-0.052599892020225525
-0.05870773643255234
-0.06797599047422409
-0.08190862089395523
-0.08630452305078506
-0.08441819995641708
-0.0747579038143158
-0.06468433886766434
-0.05988895520567894
-0.04273355379700661
-0.039274781942367554
-0.02900763228535652
-0.02827138639986515
-0.03427697345614433
-0.03131955862045288
-0.03408682346343994
-0.04041590541601181
-0.042490243911743164
-0.0349510982632637
-0.03676656633615494
-0.035308416932821274
-0.018016209825873375
-0.009190726093947887
0.0030073686502873898
0.023840084671974182
0.028922399505972862
0.04095066711306572
0.047135382890701294
0.040480274707078934
0.04036393016576767
0.0428304523229599
0.03485285863280296
0.04474331811070442
0.05934036150574684
0.07069215178489685
0.08276941627264023
0.09297852218151093
0.10174846649169922
0.11179283261299133
0.10673805326223373
0.10641994327306747
0.11464633047580719
0.1229296550154686
0.12700869143009186
0.1364610195159912
0.14634032547473907
0.14733730256557465
0.1463455706834793
0.13593566417694092
0.14069874584674835
0.1414589285850525
0.14649423956871033
0.1679576337337494
0.1846609264612198
0.2092667520046234
0.22262822091579437
0.2361147254705429
0.24473893642425537
0.23759512603282928
0.24965453147888184
0.2515360116958618
0.26748037338256836
0.2844190001487732
0.28924328088760376
0.297374427318573
0.3041578531265259
0.3164600133895874
0.3189765512943268
0.33347323536872864
0.33486783504486084
0.3238038718700409
0.3185602128505707
0.31511422991752625
0.30735012888908386
0.281954824924469
0.260776549577713
0.25480562448501587
0.2503417134284973
0.23064002394676208
0.22238312661647797
0.23028738796710968
0.22342653572559357
0.22195377945899963
0.2199946641921997
0.24364934861660004
0.26314958930015564
0.27140116691589355
0.26443853974342346
0.24685966968536377
0.23604492843151093
