0.0281983166933
0.0281572006643
0.0373716913164
0.0414878316224
0.0407152809203
0.038320556283
0.0341771952808
0.0298143625259
0.025340212509
0.0216841734946
0.0172918532044
0.0131457541138
0.0104067735374
0.00948146544397
0.00958897545934
0.00961883738637
0.00989273190498
0.00974678248167
0.00911461561918
0.00831521861255
0.006952395197
0.00601831031963
0.00492722121999
0.00392448483035
0.00383550906554
0.00422769924626
0.00584706524387
0.00725692277774
0.00834244117141
0.00926745869219
0.0105611346662
0.0109785813838
0.0116219185293
0.0135730318725
0.0163394846022
0.0196879599243
0.0224028583616
0.0255288034678
0.0291057042778
0.0323805250227
0.0350167192519
0.0373279266059
0.0396214872599
0.0410957038403
0.0423680841923
0.0440768972039
0.0468572787941
0.0507737472653
0.054117988795
0.0569743514061
0.0589521378279
0.0608619377017
0.0623881518841
0.0644256174564
0.0674775838852
0.0707654431462
0.0733484849334
0.0756563544273
0.0787121579051
0.082467623055
0.087286926806
0.0921668410301
0.0964514687657
0.0992702320218
0.101457975805
0.101908355951
0.102604940534
0.10322715342
0.103799976408
0.104321956635
0.103872582316
0.103504940867
0.103690251708
0.105327174067
0.107472218573
0.109890758991
0.111666485667
0.112100712955
0.113590553403
0.115238390863
0.115582734346
0.115073852241
0.114477880299
0.114511527121
0.114134512842
0.113334544003
0.113348372281
0.11324621737
0.112162284553
0.11146710813
0.109985686839
0.107273422182
0.104943193495
0.10347814858
0.102870337665
0.102730214596
0.102997042239
0.103492818773
0.104621082544
0.106043972075
0.107690118253
0.110871873796
0.114254631102
0.115936264396
0.115924477577
0.115103647113
0.113881081343
0.113456897438
0.114309370518
0.116418980062
0.118354819715
0.120052039623
0.12214127928
0.125904530287
0.129598274827
0.132548287511
0.134159311652
0.135654568672
0.136428773403
0.136875122786
0.137840345502
0.139667958021
0.141707167029
0.142098486423
0.143657669425
0.146393686533
0.149633169174
0.152554124594
0.154817759991
0.156199336052
0.156290516257
0.155166789889
0.154438748956
0.151976019144
0.149245470762
0.145730659366
