0
-1.869e-16
-1.85e-16
-2.1637e-16
-1.9742e-16
-1.0218e-16
-3.8654e-16
1.9082e-17
-8.535e-17
-1.7254e-16
2.796e-17
-2.1704e-16
2.1021e-17
1.5859e-17
1.1675e-17
-6.5816e-17
-2.8729e-17
-2.7504e-16
-2.1776e-16
-6.9187e-17
3.1987e-18
9.3394e-18
2.4556e-16
2.8359e-16
2.8192e-16
3.8133e-16
2.2801e-16
2.144e-16
2.9354e-16
1.9131e-16
1.8673e-16
1.8663e-16
1.8999e-16
1.9563e-16
3.1777e-16
2.0741e-16
-1.9329e-17
-1.8701e-17
-2.0055e-17
-2.0077e-17
-1.7065e-17
-1.1621e-17
-5.2602e-18
4.7685e-19
4.5267e-18
6.4712e-18
6.47e-18
0.00021029
0.00057125
0.00097161
0.0015283
0.0021935
0.0028739
0.0037801
0.0050543
0.0065674
0.0082398
0.010169
0.012184
0.014263
0.016565
0.01939
0.022221
0.025152
0.028399
0.031517
0.03463
0.038067
0.041711
0.045288
0.049022
0.052774
0.056341
0.05991
0.063701
0.067482
0.071208
0.075016
0.078655
0.082123
0.085518
0.088998
0.092541
0.095992
0.099323
0.10256
0.10557
0.10845
0.11132
0.11435
0.11727
0.11995
0.12264
0.12504
0.12724
0.12951
0.13192
0.13421
0.13634
0.13851
0.14039
0.14214
0.14405
0.14598
0.14786
0.14968
0.15133
0.15269
0.15394
0.15528
0.15662
0.15787
0.15904
0.16005
0.16089
0.16171
0.16257
0.16358
0.16453
0.1653
0.16602
0.16651
0.16692
0.16748
0.16805
0.16858
0.16903
0.16936
0.16949
0.16955
0.16996
0.17035
0.17049
0.17082
0.17094
0.17083
0.17081
0.17103
0.17117
0.17127
0.17145
0.17142
0.17129
0.17128
0.17134
0.1715
0.17167
0.17173
0.17173
0.1716
0.17146
0.17145
0.1715
0.17152
0.17148
0.17136
0.17109
0.17073
0.17018
0.16952
0.16861
0.16744
0.16605
0.16447
0.16263
0.16058
0.15842
0.15598
0.15335
0.15058
0.14762
0.14452
0.14131
0.138
0.13457
0.13105
0.12744
0.12377
0.12005
0.11629
0.11248
0.10865
0.10479
0.10091
0.097042
0.093183
0.089348
0.085552
0.081806
0.078122
0.074512
0.070983
0.067544
0.064199
0.060952
0.057805
0.054757
0.051809
0.048959
