0.020280469208955765
-0.0012691359734162688
-0.0012691359734162688
-0.0012691359734162688
-0.0012691359734162688
-0.0012691359734162688
-0.0012691359734162688
-0.0012691359734162688
-0.0012691359734162688
-0.0012691359734162688
0.01181021984666586
0.0146093824878335
0.016075603663921356
0.014773093163967133
0.01595640368759632
0.011078447103500366
0.013052781112492085
0.01464670617133379
0.015466715209186077
0.01424685213714838
0.014834173023700714
0.011817725375294685
0.013092157430946827
0.015351658686995506
0.013466951437294483
0.012980256229639053
0.011673754081130028
0.0175399798899889
0.018697917461395264
0.027400381863117218
0.029075995087623596
0.01735057681798935
0.01552764605730772
0.012804735451936722
0.014556489884853363
0.011981794610619545
-0.0012691359734162688
-0.0012691359734162688
-0.0012691359734162688
-0.0012691359734162688
-0.0012691359734162688
0.007709640543907881
0.0067063686437904835
-0.0012691359734162688
0.01288829930126667
-0.0012691359734162688
-0.0012691359734162688
-0.0012691359734162688
-0.0012691359734162688
-0.0012691359734162688
-0.0012691359734162688
-0.0012691359734162688
-0.0012691359734162688
-0.0012691359734162688
-0.0012691359734162688
-0.0012691359734162688
-0.0012691359734162688
-0.0012691359734162688
-0.0012691359734162688
-0.0012691359734162688
-0.0012691359734162688
-0.0012691359734162688
-0.0012691359734162688
-0.0012691359734162688
0.002522859489545226
0.0028103175573050976
-0.0012691359734162688
-0.0012691359734162688
-0.0012691359734162688
-0.0012691359734162688
-0.0012691359734162688
-0.0012691359734162688
0.008148105815052986
0.014101305045187473
0.014123696833848953
0.013436819426715374
0.006993905641138554
0.004601517226547003
0.004745925776660442
0.007753388956189156
0.00919288583099842
0.009013794362545013
0.011927148327231407
0.01382426917552948
0.014323989860713482
0.009941400960087776
0.012297134846448898
0.01268694270402193
0.013056875206530094
0.014066451229155064
0.015035999938845634
0.017323946580290794
0.014468180947005749
0.017917701974511147
0.01672952249646187
0.014332081191241741
0.017609089612960815
0.020615335553884506
0.02563546970486641
0.022518934682011604
0.022426722571253777
0.022002892568707466
0.02428358979523182
0.026689913123846054
0.030194435268640518
0.032161910086870193
0.031347647309303284
0.031374670565128326
0.03252394124865532
0.034065891057252884
0.03348318114876747
0.03272506967186928
0.034210775047540665
0.03521081805229187
0.04544201120734215
0.047980427742004395
0.0675879493355751
0.06853264570236206
0.07854617387056351
0.06799006462097168
0.06421765685081482
0.06166314333677292
0.04142773896455765
0.047246504575014114
0.04097147285938263
0.038732677698135376
0.039285965263843536
0.05093817040324211
0.04399601370096207
0.044170081615448
0.03471684455871582
0.0363088920712471
0.03636205568909645
0.0348113588988781
0.035642094910144806
0.047601670026779175
0.056171830743551254
0.04866555705666542
0.054139889776706696
0.05576559156179428
0.04715905711054802
0.039176106452941895
0.03694373369216919
0.03291899710893631
0.03178377449512482
0.02936658449470997
0.028834844008088112
0.02861965447664261
0.02927226573228836
0.027629397809505463
0.02687877230346203
0.029821990057826042
0.03157433867454529
0.03426219895482063
0.03479762375354767
0.033306628465652466
0.03291168063879013
0.03250192105770111
0.03542357310652733
0.034454140812158585
0.04020531475543976
0.045059509575366974
0.0418570414185524
0.041870325803756714
0.04139529541134834
0.037771712988615036
0.03903164714574814
0.035483669489622116
0.039598021656274796
0.0364808663725853
0.03764072805643082
0.042050812393426895
0.03688869997859001
0.03484780341386795
0.03266690671443939
0.03090897761285305
0.028707917779684067
0.026483986526727676
0.024137189611792564
0.02062293328344822
0.01795290596783161
0.016566885635256767
0.017237422987818718
0.014859803020954132
0.013930385932326317
0.014269566163420677
0.0142523730173707
0.01413233857601881
0.014205926097929478
0.013901950791478157
0.013836485333740711
0.013260421343147755
0.014310212805867195
0.013511735014617443
0.01211028452962637
0.009567612782120705
0.009143859148025513
0.007222635671496391
0.006811675615608692
