0.024254778400063515
0.02961648814380169
0.04546089097857475
0.05808515101671219
0.06756830215454102
0.07404381781816483
0.07651093602180481
0.08025974780321121
0.0756310448050499
0.06797917187213898
0.06271614134311676
0.05165860801935196
0.045558374375104904
0.044062815606594086
0.040939971804618835
0.04451761394739151
0.04421107843518257
0.042165957391262054
0.04055046662688255
0.03869638219475746
0.044397201389074326
0.053622860461473465
0.06195971369743347
0.06996200233697891
0.07676295936107635
0.08406635373830795
0.09333045780658722
0.10161229223012924
0.10219762474298477
0.10120387375354767
0.0880337730050087
0.07610829174518585
0.07576294243335724
0.07122303545475006
0.06992855668067932
0.06660354137420654
0.05788309872150421
0.054312288761138916
0.05191216617822647
0.05103394016623497
0.04468550533056259
0.04752820357680321
0.04487740620970726
0.04781598597764969
0.04516858607530594
0.04434187710285187
0.044249776750802994
0.04513045772910118
0.04658930376172066
0.04673660546541214
0.04656120017170906
0.05531233176589012
0.06561683118343353
0.06341502070426941
0.0568399541079998
0.056005340069532394
0.05635558068752289
0.05828874185681343
0.0592261403799057
0.06030156463384628
0.06367523223161697
0.06492064893245697
0.067792147397995
0.06724642217159271
0.06381352990865707
0.058475226163864136
0.05795281380414963
0.051799800246953964
0.04981338605284691
0.04988136887550354
0.050744302570819855
0.04622134193778038
0.0470314621925354
0.045780934393405914
0.05132867395877838
0.06001358851790428
0.06401991844177246
0.0733409896492958
0.07638444006443024
0.08058004826307297
0.08693548291921616
0.08947637677192688
0.08942566066980362
0.08467556536197662
0.07956283539533615
0.07232926785945892
0.06699670106172562
0.05690218508243561
0.046551413834095
0.03895023837685585
0.03544795885682106
0.028995025902986526
0.023239126428961754
0.018229767680168152
0.012386097572743893
0.013204781338572502
0.020059751346707344
0.023449739441275597
0.026927093043923378
0.00897430069744587
-0.0014862704556435347
-0.020901689305901527
-0.04021833837032318
-0.047188952565193176
-0.034983597695827484
-0.01442620437592268
0.0034788507036864758
0.01847073622047901
0.028208304196596146
0.03637634962797165
0.042724717408418655
0.04800521209836006
0.057206571102142334
0.06276790052652359
0.06422851234674454
0.06634198874235153
0.07113775610923767
0.07526351511478424
0.08217813819646835
0.08393228054046631
0.09192820638418198
0.09690654277801514
0.09306975454092026
0.09061747044324875
0.09562192857265472
0.09628386795520782
0.10062924027442932
0.10474637895822525
0.10042925179004669
0.10720911622047424
0.1016310378909111
0.09823787957429886
0.10673664510250092
0.11600037664175034
0.12221498042345047
0.12121035158634186
0.11734897643327713
0.11397319287061691
0.10914339870214462
0.1043623834848404
0.10350020974874496
0.10085034370422363
0.10066214203834534
0.10442020744085312
0.10752050578594208
0.11640667170286179
0.1265331506729126
0.13386774063110352
0.14220920205116272
0.1487966924905777
0.1527978926897049
0.15517722070217133
0.1571618914604187
0.15501481294631958
0.15654167532920837
0.15563322603702545
0.15079519152641296
0.14580611884593964
0.14284901320934296
0.13703344762325287
0.13700926303863525
0.1336853951215744
0.12693820893764496
0.12617237865924835
0.12409339845180511
0.12824273109436035
0.12961098551750183
0.12936320900917053
0.1372140794992447
0.14270859956741333
0.1390402466058731
0.1278223842382431
0.11745453625917435
0.10704698413610458
0.09618974477052689
0.086171954870224
0.07844003289937973
0.07969944179058075
0.07956843823194504
0.08217410743236542
0.08454932272434235
0.0837911069393158
0.08347228914499283
0.08123845607042313
0.07911235094070435
0.08284655213356018
0.08595424145460129
0.09271728247404099
0.10200049728155136
0.11706956475973129
0.12131784111261368
0.12282974272966385
0.12706270813941956
0.13017883896827698
0.1291099488735199
0.12608453631401062
0.11601923406124115
0.10380388796329498
0.09590144455432892
