0.0167121849954
0.0203161444515
0.0293332822621
0.033669449389
0.0364453420043
0.0377298854291
0.03816915676
0.0370655842125
0.0313915349543
0.0239449851215
0.0141684990376
0.00611195387319
0.00120160635561
-0.00110624474473
-0.00244267494418
-0.00509698316455
-0.00703809224069
-0.00386186153628
0.00204321881756
0.00776659930125
0.0105536729097
0.0092913005501
0.00716442475095
0.00662413099781
0.00511335162446
0.00293127493933
0.00107760261744
-0.000149541534483
-0.00127433170564
-0.00255402270705
-0.00260565453209
-0.00136889261194
-0.000228890217841
0.000811032019556
0.00214855698869
0.00379127589986
0.00473419437185
0.00272016599774
0.000404126942158
-0.00380242732354
-0.00827854499221
-0.0108489692211
-0.0103967497125
-0.0112864095718
-0.0123966289684
-0.0114934444427
-0.00818916875869
-0.00434445217252
0.000825024209917
0.0041669937782
0.0061774100177
0.00711752614006
0.00690776342526
0.00585899641737
0.00351691571996
0.000910343136638
-0.00193668459542
-0.00373591133393
-0.00442720064893
-0.00435496773571
-0.00304812984541
-0.00144529901445
0.00111122522503
0.00354535924271
0.00557117303833
0.00711894733831
0.00681177293882
0.00524844089523
0.00326571101323
0.0026743276976
0.00259392894804
0.00472288066521
0.00798147358
0.0129159092903
0.0194213949144
0.0249426774681
0.0278453417122
0.0285558737814
0.0295823700726
0.0335001014173
0.0381601266563
0.0421914197505
0.0418051742017
0.0368938818574
0.0331395491958
0.0318620726466
0.0306419581175
0.0283665955067
0.0275218002498
0.0277272462845
0.029099714011
0.0303029753268
0.0306386202574
0.0311269722879
0.0338939204812
0.0374887064099
0.041407648474
0.0458896197379
0.0516013391316
0.0557419583201
0.0592629313469
0.0621399953961
0.0635470822453
0.0640470087528
0.0637621283531
0.0633757337928
0.0630356892943
0.0636761784554
0.0655309185386
0.0675992146134
0.0703063681722
0.0730201974511
0.0747333988547
0.0765048488975
0.0793335661292
0.0799451097846
0.0787602886558
0.0783264189959
0.0777449756861
0.0753925666213
0.0726476088166
0.0714875161648
0.0698302686214
0.0669087320566
0.0642657130957
0.0627272203565
0.0608814656734
0.0610382482409
0.0605895668268
0.0590861588717
0.0581286773086
0.0563187003136
0.0545936152339
0.0534835793078
0.0542651601136
0.0563428401947
0.0589631050825
0.0634563490748
0.0675449743867
0.0708790495992
0.0746713504195
0.0770814791322
0.079441845417
0.0810828953981
0.0819184854627
0.0809805840254
0.0807040929794
0.0796315744519
0.0799275934696
0.0840042158961
0.0891656279564
0.0911100506783
0.0899240449071
0.0875499844551
0.0834694132209
0.0783669054508
0.0724454522133
0.0663948953152
0.0628030896187
0.0610662177205
0.0593478828669
0.058187507093
0.0570451840758
0.0567594394088
0.0558431744576
0.0550564453006
0.0543839409947
0.053908444941
0.0541772581637
0.0553114376962
0.0557346604764
0.055896833539
0.0560130476952
0.0552577264607
0.0541010461748
0.0525682605803
0.0517529733479
0.0523374862969
0.0522709749639
0.052360560745
0.05252841115
0.0512852557003
0.0503605753183
0.0494102090597
0.048567596823
0.0486275367439
0.0492859445512
0.0497396178544
0.0498408600688
0.0496587157249
0.0493193790317
0.0481580905616
0.0478281974792
0.0471339672804
0.0462654195726
0.0447664372623
0.0432211570442
0.0408775955439
0.0386064015329
