0
-1.7053e-16
-1.0768e-16
-1.7844e-16
-2.7548e-16
-1.7792e-16
-2.0032e-16
-2.5932e-16
-9.0887e-17
-1.1364e-16
-8.0066e-17
-1.6072e-16
-8.4764e-17
-2.2963e-16
-4.5921e-17
-1.2469e-16
-1.1214e-16
-1.071e-16
-8.6724e-17
3.6606e-18
-5.4197e-17
-1.384e-17
-3.64e-17
-9.7036e-17
-4.5295e-16
3.3336e-18
2.1665e-18
-1.9183e-17
8.0394e-18
-2.0724e-16
1.0991e-17
9.34e-18
7.335e-18
5.3748e-18
-2.1468e-16
-2.4038e-16
-7.9575e-19
-5.1593e-19
-2.3883e-16
6.3198e-18
9.0659e-18
-2.303e-16
1.1643e-17
-2.0749e-16
8.6733e-18
-2.1089e-16
-1.7564e-16
6.0078e-16
5.7877e-16
6.0228e-16
4.6471e-16
5.8968e-16
4.4025e-16
4.2445e-16
4.1117e-16
5.3787e-16
4.9366e-16
-5.4217e-17
-2.6443e-16
-3.8156e-17
-2.7769e-17
-1.4042e-17
6.4047e-19
1.2698e-17
1.975e-17
-1.9686e-16
1.717e-17
1.0226e-17
-2.1448e-16
-2.1969e-16
-2.2283e-16
-2.2269e-16
-1.0596e-18
0.00017696
0.00040022
0.00063151
0.00085974
0.0011287
0.0015051
0.0018881
0.0024833
0.0032278
0.0040823
0.0049616
0.0058676
0.0068937
0.0080199
0.0092789
0.010727
0.012311
0.013939
0.015598
0.017306
0.019181
0.021078
0.023151
0.025433
0.027732
0.030112
0.032462
0.034994
0.037568
0.040197
0.043017
0.045878
0.048904
0.051829
0.054832
0.057856
0.060907
0.064065
0.067328
0.070649
0.073861
0.077088
0.080302
0.083507
0.086663
0.090051
0.09346
0.096744
0.099937
0.10309
0.10627
0.1093
0.11252
0.1158
0.11896
0.12211
0.12507
0.12804
0.13088
0.13386
0.13683
0.13987
0.14297
0.14572
0.14845
0.15114
0.15378
0.15645
0.15916
0.16211
0.16462
0.16697
0.16941
0.17172
0.17407
0.17643
0.17897
0.18133
0.18335
0.18546
0.18742
0.18942
0.19141
0.19352
0.19569
0.19738
0.19911
0.20074
0.20234
0.20394
0.20559
0.2076
0.20903
0.21043
0.21182
0.21314
0.21442
0.2158
0.2174
0.21876
0.21984
0.22092
0.22194
0.2229
0.22392
0.22509
0.22636
0.22718
0.22803
0.22881
0.22956
0.23033
0.23121
0.2324
0.23307
0.23372
0.23434
0.23491
0.23544
0.23612
0.23705
0.23768
0.23811
0.23855
0.23898
0.23934
0.23981
0.24044
0.24115
0.2415
0.24182
0.2421
0.24231
0.24257
0.24296
0.2436
0.24377
0.2439
0.24401
0.24409
0.2441
0.24434
0.2449
0.24503
0.24513
0.24518
0.24526
0.24526
0.24543
0.24577
0.2461
0.24614
0.24617
0.24618
0.24612
0.24617
0.24636
0.24675
0.24675
0.24673
0.24671
0.24665
0.24658
0.24669
0.2468
0.24717
0.24711
0.24699
0.24691
0.2467
0.24671
0.24692
0.24687
0.24685
0.24668
0.24654
0.24632
0.24626
0.24635
0.24636
0.24649
0.24638
0.24627
0.24614
0.24602
0.24607
0.24644
0.24636
0.24625
0.24612
0.246
0.24579
0.24583
0.2461
0.24608
0.24608
0.24597
0.24591
0.24572
0.24573
0.24585
0.24584
0.24591
0.24573
0.24556
0.24533
0.24517
0.24516
0.24542
0.24529
0.24513
0.24497
0.24481
0.24459
0.24464
0.24492
0.24494
0.24481
0.24471
0.24463
0.24449
0.24449
0.24462
0.24481
0.24471
0.24462
0.24451
0.24437
0.24433
0.24443
0.24476
0.24469
0.24463
0.24454
0.2444
0.24416
0.24373
0.24356
0.24304
0.24241
0.24159
0.24066
0.23965
0.23855
0.2375
0.23623
0.23478
0.23324
0.2316
0.22982
0.22792
0.22601
0.22412
0.22194
0.21963
0.21724
0.21478
0.21223
0.20958
0.20706
0.20427
0.20143
0.19852
0.19555
0.19251
0.18942
0.18637
0.18319
0.1799
0.17656
0.17317
0.16973
0.16626
0.1628
0.15934
0.15582
0.15231
0.1488
0.14532
0.14186
0.13843
0.13503
0.13166
0.12834
0.12505
0.1218
0.11859
0.11542
0.1123
0.10922
0.10618
0.10319
0.10025
0.097349
0.0945
0.0917
0.088947
0.086238
0.083573
0.080948
0.078361
0.075809
0.073292
0.070811
0.068368
0.065966
0.063608
0.061297
0.059036
0.056828
0.054674
0.052576
0.050534
0.048549
0.04662
0.044746
0.042926
0.04116
0.039446
0.037783
0.036169
0.034605
0.033089
0.031619
0.030195
0.028816
0.02748
0.026188
0.024938
0.023727
0.022555
0.02142
0.02032
0.019252
0.018217
0.017211
0.016236
0.01529
0.014374
0.013488
0.012632
0.011807
0.011013
