0.020280469208955765
0.0179736465215683
-0.004255269654095173
-0.0012691359734162688
-0.0012691359734162688
-0.0012691359734162688
-0.0012691359734162688
-0.0012691359734162688
-0.0012691359734162688
-0.0012691359734162688
-0.0012691359734162688
-0.0012691359734162688
-0.0012691359734162688
-0.0012691359734162688
-0.0012691359734162688
-0.0012691359734162688
-0.0012691359734162688
-0.005704207345843315
-0.0014101153938099742
-0.0012691359734162688
-0.0012691359734162688
-0.0012691359734162688
-0.0012691359734162688
-0.001461555133573711
-0.0012691359734162688
-0.002175726927816868
-0.0013175474014133215
-0.0012691359734162688
-0.0012691359734162688
-0.0012691359734162688
-0.0012691359734162688
-0.0012691359734162688
-0.0012691359734162688
-0.0012691359734162688
-0.0012691359734162688
-0.0012691359734162688
-0.0012691359734162688
-0.0012691359734162688
-0.0012691359734162688
-0.0012691359734162688
-0.0012691359734162688
-0.0012691359734162688
-0.0012691359734162688
-0.0012691359734162688
-0.0012691359734162688
-0.0012691359734162688
-0.0012691359734162688
-0.0012691359734162688
-0.0012691359734162688
-0.0012691359734162688
-0.0012691359734162688
-0.0012691359734162688
-0.0012691359734162688
-0.0012691359734162688
-0.0012691359734162688
-0.0012691359734162688
-0.0012691359734162688
-0.0012691359734162688
-0.0012691359734162688
-0.0012691359734162688
-0.0012691359734162688
-0.0012691359734162688
-0.0012691359734162688
-0.0012691359734162688
-0.0012691359734162688
-0.0012691359734162688
-0.0012691359734162688
-0.0012691359734162688
-0.0012691359734162688
-0.0012691359734162688
-0.0012691359734162688
-0.0012691359734162688
-0.0012691359734162688
-0.0012691359734162688
-0.0012691359734162688
-0.0012691359734162688
-0.0012691359734162688
-0.0012691359734162688
-0.0012691359734162688
-0.0012691359734162688
-0.0012691359734162688
-0.0012691359734162688
-0.0012691359734162688
-0.0012691359734162688
-0.0012691359734162688
-0.0012691359734162688
-0.0012691359734162688
-0.0012691359734162688
-0.0012691359734162688
-0.0012691359734162688
-0.0012691359734162688
-0.0012691359734162688
-0.0012691359734162688
-0.0012691359734162688
-0.0012691359734162688
-0.0012691359734162688
-0.0012691359734162688
-0.0012691359734162688
-0.0012691359734162688
-0.0012691359734162688
-0.0012691359734162688
-0.0012691359734162688
-0.0012691359734162688
-0.0012691359734162688
-0.0012691359734162688
-0.0012691359734162688
-0.0012691359734162688
-0.0012691359734162688
-0.0012691359734162688
-0.0012691359734162688
-0.0012691359734162688
-0.0012390343472361565
0.0003943897318094969
0.0019862984772771597
0.00952978152781725
0.010160332545638084
0.009036131203174591
0.009399188682436943
0.008551958948373795
0.009487751871347427
0.010088585317134857
0.011461279354989529
0.012483742088079453
0.012687806971371174
0.013674856163561344
0.01367680449038744
0.014522971585392952
0.015443049371242523
0.014846389181911945
0.017109809443354607
0.018342088907957077
0.022534416988492012
0.025187240913510323
0.024915890768170357
0.02618054859340191
0.02657448500394821
0.027285730466246605
0.02804030478000641
0.029694493860006332
0.03160709887742996
0.031242545694112778
0.03050611913204193
0.031269922852516174
0.033762432634830475
0.03425060212612152
0.057932134717702866
0.0603691041469574
0.055650629103183746
0.05750390514731407
0.05613289400935173
0.05707675963640213
0.05693385750055313
0.05543467774987221
0.05910132825374603
0.059035371989011765
0.05799488723278046
0.057275183498859406
0.058802660554647446
0.05899926647543907
0.05842660740017891
0.059140607714653015
0.06151606887578964
0.06589273363351822
0.06473787873983383
0.06427987664937973
0.06507688760757446
0.06604327261447906
0.06511808186769485
0.06482229381799698
0.0659150555729866
0.0656275823712349
0.06744945794343948
0.06736645102500916
0.06801492720842361
0.07241768389940262
0.07479125261306763
0.07649023085832596
0.0777166336774826
0.06800257414579391
0.06912711262702942
0.07163351029157639
0.073050357401371
0.072974294424057
0.07025797665119171
0.06871078908443451
0.07141569256782532
0.07082466036081314
0.07629723101854324
0.07376240193843842
0.07572474330663681
0.07176566123962402
0.07663300633430481
0.07205129414796829
0.07690891623497009
0.09487514942884445
0.09573430567979813
0.08114991337060928
0.07682133466005325
0.08008430898189545
0.08568675816059113
0.09059851616621017
0.09088576585054398
0.0963173508644104
0.09457496553659439
0.09151550382375717
0.08797755837440491
0.09184813499450684
0.08362358808517456
0.07998509705066681
0.07975485175848007
0.08190695196390152
0.08744261413812637
0.08411192148923874
0.08674870431423187
0.08599238842725754
0.08524220436811447
0.08990354835987091
0.0922120064496994
0.09375052899122238
0.092434823513031
0.09418784826993942
0.09497940540313721
0.09508886933326721
0.09561088681221008
0.09785697609186172
0.09914972633123398
0.09554169327020645
0.09702909737825394
0.09483704715967178
0.09157217293977737
0.08970749378204346
0.08987580239772797
0.08705807477235794
0.0919080451130867
0.09156817942857742
0.08971448242664337
0.09208936244249344
0.08945521712303162
0.08102679252624512
0.08092226088047028
0.06794724613428116
0.06910104304552078
0.0706525519490242
0.07504501938819885
0.07747898250818253
0.07648669183254242
0.07829508930444717
0.07680155336856842
0.077604740858078
0.08166035264730453
0.08642061799764633
0.08293101191520691
0.08610960841178894
0.08497732132673264
0.08350672572851181
0.08757492154836655
0.08247337490320206
0.08861886709928513
0.09197621047496796
0.08182741701602936
0.08075324445962906
0.07549724727869034
0.07717564702033997
0.07665199786424637
0.07511488348245621
0.07149909436702728
0.06780728697776794
0.07149525731801987
0.07144549489021301
0.07177209854125977
0.07300171256065369
0.07764846086502075
0.07518298178911209
0.07516604661941528
0.07749180495738983
0.07350824028253555
0.07188055664300919
0.07114945352077484
0.07011139392852783
0.07149894535541534
0.0733785405755043
0.07882725447416306
0.08129749447107315
0.08157888054847717
0.08070177584886551
0.07902290672063828
0.0775575190782547
0.07503039389848709
0.07574693113565445
0.07461532205343246
0.07458709925413132
0.0688660740852356
0.07025294750928879
0.0713827982544899
0.07131531834602356
0.07174430787563324
0.075470469892025
0.07649634033441544
0.07582727074623108
0.07396915555000305
0.07280921936035156
0.0725291520357132
0.07552112638950348
0.07665370404720306
0.07801888883113861
0.08103463798761368
0.08182915300130844
0.08027193695306778
0.08087034523487091
0.07838263362646103
0.07789633423089981
0.07827173173427582
0.0794881284236908
0.07580257207155228
0.0723261758685112
0.07296089082956314
0.07226347178220749
0.08500758558511734
0.10144399851560593
0.08817537128925323
0.08607543259859085
0.06812892109155655
0.06851673871278763
0.06929522752761841
0.06959393620491028
0.0683058500289917
0.06973359733819962
0.069526806473732
0.07098350673913956
0.06894169747829437
0.06804735213518143
0.06823821365833282
0.0684017688035965
0.0675969272851944
0.06771241128444672
0.06757713109254837
0.06692095100879669
0.06571536511182785
0.06475640088319778
0.06329373270273209
0.061771146953105927
0.06008375808596611
0.060099802911281586
0.06046285852789879
0.05860684812068939
0.056339867413043976
0.05139892175793648
0.05074150115251541
0.04941123351454735
0.04377070441842079
0.04091782867908478
0.04027975723147392
0.04396585747599602
0.04180556535720825
0.04308411851525307
0.04716061055660248
0.04985734075307846
0.04297763109207153
0.04680102691054344
0.035752106457948685
0.032184768468141556
0.03265751153230667
0.0313703715801239
0.0320553183555603
0.030583269894123077
0.030709777027368546
0.031335100531578064
0.016962530091404915
0.025569409132003784
0.023240838199853897
0.015438945032656193
0.014699386432766914
0.014792174100875854
0.015167878940701485
0.015169421210885048
0.016545461490750313
0.014752634800970554
0.013032373040914536
0.013756227679550648
0.013401205651462078
0.011707238852977753
0.01149723120033741
0.010705092921853065
0.012128310278058052
0.013559925369918346
0.010412110947072506
0.013465672731399536
0.013470604084432125
0.011883730068802834
0.007230167742818594
0.009372791275382042
0.009986045770347118
0.010944460518658161
0.008879928849637508
0.008290630765259266
0.0029971743933856487
0.006798120681196451
0.003635796019807458
0.004435022361576557
0.005427152384072542
0.005401927512139082
-0.0012691359734162688
-0.0012691359734162688
-0.0012691359734162688
-0.0012691359734162688
-0.0012691359734162688
0.004864476155489683
-0.0012691359734162688
0.0017031563911587
0.004595753271132708
0.003591638756915927
-0.0012691359734162688
0.001877852831967175
-0.0012691359734162688
-0.0012691359734162688
0.00737799471244216
