-0.10941710323095322
-0.10931672155857086
-0.10921437293291092
-0.10855542868375778
-0.10428009182214737
-0.10011990368366241
-0.09844031184911728
-0.09454116970300674
-0.09043874591588974
-0.08590636402368546
-0.08344049751758575
-0.08046028017997742
-0.07784812152385712
-0.07704903930425644
-0.07757369428873062
-0.07682445645332336
-0.07682245969772339
-0.07733355462551117
-0.07919324189424515
-0.08319704979658127
-0.08496112376451492
-0.08616945147514343
-0.08334917575120926
-0.0812612846493721
-0.07750996947288513
-0.07213521748781204
-0.06458508223295212
-0.05774134397506714
-0.05312816798686981
-0.048801541328430176
-0.046740904450416565
-0.04658852517604828
-0.04844880476593971
-0.05082918703556061
-0.05286504328250885
-0.05579489469528198
-0.05707848072052002
-0.056704748421907425
-0.05673278868198395
-0.055635228753089905
-0.05480686575174332
-0.05539019778370857
-0.05655346065759659
-0.0585397332906723
-0.06180860102176666
-0.0656488910317421
-0.06819052249193192
-0.06881745159626007
-0.06931652873754501
-0.074716717004776
-0.0783851221203804
-0.08121713995933533
-0.08293850719928741
-0.08711303770542145
-0.09152837097644806
-0.09743215888738632
-0.0971042662858963
-0.09752237796783447
-0.09570252895355225
-0.0893775150179863
-0.08513261377811432
-0.08113640546798706
-0.07601771503686905
-0.07434873282909393
-0.07583121955394745
-0.07559221982955933
-0.07387135922908783
-0.07189302891492844
-0.0697837695479393
-0.0725865513086319
-0.07281889021396637
-0.07215981930494308
-0.06956931948661804
-0.06556101888418198
-0.06354542821645737
-0.06195778027176857
-0.05744778364896774
-0.054954420775175095
-0.050453782081604004
-0.04676618054509163
-0.043011534959077835
-0.03965979442000389
-0.03730110079050064
-0.03528852015733719
-0.03193354234099388
-0.03179451823234558
-0.03316330537199974
-0.031186342239379883
-0.03533157333731651
-0.03942470625042915
-0.04088398441672325
-0.04379405081272125
-0.04695316031575203
-0.04365217685699463
-0.04198340326547623
-0.04412485286593437
-0.04413769021630287
-0.04346718266606331
-0.04043012112379074
-0.037326380610466
-0.039239201694726944
-0.04143185541033745
-0.04518373683094978
-0.04644939675927162
-0.04738161340355873
-0.04567800462245941
-0.042907629162073135
-0.03972413018345833
-0.03743327036499977
-0.0345575250685215
-0.02774997241795063
-0.024787181988358498
-0.018755221739411354
-0.01331782154738903
-0.00948959682136774
-0.0024635496083647013
0.0017020157538354397
0.005985640455037355
0.009698375128209591
0.012592943385243416
0.008907846175134182
0.006282825488597155
-0.00012355356011539698
-0.002252439269796014
-0.0017369461711496115
-0.0025778592098504305
-0.0017512529157102108
-0.008754733949899673
-0.010418280027806759
-0.012890856713056564
-0.017455115914344788
-0.021530797705054283
-0.027358662337064743
-0.035834841430187225
-0.045762524008750916
-0.06216425076127052
-0.07064809650182724
-0.08070387691259384
-0.09021803736686707
-0.09959246218204498
-0.0997992530465126
-0.10105665028095245
-0.09740682691335678
-0.09482944011688232
-0.09493399411439896
-0.10123267769813538
-0.10686902701854706
-0.10521284490823746
-0.09144634753465652
-0.0786137804389
-0.06499958038330078
-0.051567643880844116
-0.039063531905412674
-0.025964993983507156
-0.012871185317635536
-0.004835295025259256
0.000711036438588053
0.0047696796245872974
0.00370247894898057
-0.01191583089530468
-0.02703128010034561
-0.045192718505859375
-0.06363146752119064
-0.08433021605014801
-0.10216642171144485
-0.11080639064311981
-0.10852514207363129
-0.10502900928258896
-0.09407465904951096
-0.07827778160572052
-0.06688515096902847
-0.05586742237210274
-0.04756337031722069
-0.03977702558040619
-0.033534158021211624
-0.025515172630548477
-0.02698686346411705
-0.029393691569566727
-0.03707234188914299
-0.0442655012011528
-0.0411156564950943
-0.043450817465782166
-0.04590827599167824
-0.04285800829529762
-0.04127094894647598
-0.04016569256782532
-0.04372381418943405
-0.046399593353271484
-0.048513688147068024
-0.04817814379930496
-0.05518905445933342
-0.06388819217681885
-0.06520440429449081
-0.07193252444267273
-0.07369674742221832
-0.07043440639972687
-0.0668928399682045
-0.059908755123615265
-0.053747981786727905
-0.04262879118323326
-0.03440958634018898
-0.03356310725212097
-0.0322074331343174
-0.021325765177607536
-0.02363422140479088
-0.027649762108922005
-0.02054155431687832
-0.02642643451690674
-0.033235788345336914
-0.02435140870511532
-0.01813916489481926
-0.017534594982862473
-0.014738716185092926
-0.007982959970831871
-0.0005491214105859399
0.005212322808802128
0.007671421393752098
0.012059196829795837
0.008368446491658688
0.019169149920344353
0.024483757093548775
0.02305668406188488
0.024346405640244484
0.014989581890404224
0.00866186898201704
0.014256708323955536
0.018540624529123306
0.019301483407616615
0.020285559818148613
0.022924385964870453
0.02812788635492325
0.03556688874959946
0.032116830348968506
0.029624244198203087
0.03318982571363449
0.030662422999739647
0.0290033221244812
0.027989869937300682
0.0293409563601017
0.030134906992316246
0.02339172177016735
0.03413740172982216
0.04395763576030731
0.06437705457210541
0.07464230060577393
0.08706404268741608
0.08886050432920456
0.08872783184051514
0.07587003707885742
0.0685044378042221
0.07354270666837692
0.07809916883707047
0.0815846398472786
0.09150232374668121
0.0924113392829895
0.10683558881282806
0.1352340430021286
0.1554948389530182
0.16376495361328125
0.18375998735427856
0.18904849886894226
0.1976923793554306
0.20974217355251312
0.2207324057817459
0.2237471342086792
0.22994031012058258
0.23724013566970825
0.2534591257572174
0.2741203010082245
0.29171380400657654
0.2978212833404541
0.28662997484207153
0.2703201174736023
0.25099891424179077
0.23157921433448792
0.2222580760717392
0.20639392733573914
0.20399998128414154
0.19721491634845734
0.19537468254566193
0.19032511115074158
0.18229594826698303
0.18870794773101807
0.1855844259262085
0.19589565694332123
0.19627368450164795
0.19434517621994019
0.18884839117527008
0.1876380890607834
0.1844523549079895
0.1870909035205841
0.185220867395401
0.17869523167610168
0.18154692649841309
0.18015961349010468
0.1755782961845398
0.1803043633699417
0.17989540100097656
0.17252524197101593
0.16496269404888153
0.1448720395565033
0.13732369244098663
0.13251237571239471
0.11841130256652832
0.11223355680704117
0.10858044028282166
0.11334848403930664
0.11292701214551926
0.11144192516803741
0.1112886294722557
0.11368651688098907
0.11240556091070175
0.10377971827983856
0.09699629992246628
0.09401611983776093
0.09511615335941315
0.09707122296094894
0.09567846357822418
0.0880780890583992
0.07643328607082367
0.0654669925570488
0.05354582890868187
0.04599299654364586
0.05047357827425003
0.039766401052474976
0.04866934195160866
0.0607902929186821
0.060224395245313644
0.0640038326382637
0.06040795519948006
0.055620867758989334
0.04994412884116173
0.03346191719174385
0.03822799399495125
0.023732176050543785
0.029506614431738853
0.03048345074057579
0.028921380639076233
0.03213977441191673
0.026371732354164124
0.037960153073072433
0.04023542255163193
0.039025869220495224
0.040445469319820404
0.023545648902654648
0.008269290439784527
-0.0017353494185954332
-0.002721000462770462
-0.012033666484057903
-0.022531799972057343
-0.03885085880756378
-0.04059876874089241
-0.039260223507881165
-0.037228960543870926
-0.030816171318292618
-0.025692574679851532
-0.02165864408016205
-0.022396981716156006
-0.03639879822731018
-0.03659418225288391
-0.04655163362622261
-0.045492131263017654
-0.05044658109545708
-0.05893056094646454
-0.06531645357608795
-0.06947024911642075
-0.07019670307636261
-0.069148488342762
-0.07967419177293777
-0.08752093464136124
-0.09159243851900101
-0.09614373743534088
-0.10508185625076294
-0.1224927008152008
-0.1405390501022339
-0.15787796676158905
-0.1566377878189087
-0.14920258522033691
-0.13756521046161652
-0.13505089282989502
-0.1301390826702118
-0.13035699725151062
-0.11685225367546082
-0.10624159127473831
-0.11653667688369751
-0.11912082880735397
-0.11077211052179337
-0.11258561164140701
-0.10459662973880768
-0.11013942211866379
-0.10564062744379044
-0.10853807628154755
-0.10647433996200562
-0.10171923041343689
-0.0981617197394371
-0.09896676242351532
-0.09824517369270325
-0.09901227056980133
-0.10112101584672928
-0.10306092351675034
-0.10552005469799042
-0.10835499316453934
-0.10371292382478714
-0.09719578921794891
-0.08694705367088318
-0.08281682431697845
-0.08260616660118103
-0.09365673363208771
-0.10656005144119263
-0.11113092303276062
-0.13078807294368744
-0.1445721536874771
-0.14829842746257782
-0.14812424778938293
-0.14191919565200806
-0.13475444912910461
