-0.034951467067
-0.0182926170528
-0.0114020137116
-0.00849245116115
-0.00703856069595
-0.00646016281098
-0.00798680074513
-0.0107456091791
-0.0139259342104
-0.015367820859
-0.0167499426752
-0.0193758588284
-0.0223222076893
-0.0261815674603
-0.0281855836511
-0.0289893299341
-0.0295402090997
-0.0305457692593
-0.0321106016636
-0.0329607799649
-0.0308967493474
-0.0272273961455
-0.025959616527
-0.0259970333427
-0.0235172975808
-0.0196102149785
-0.0152314268053
-0.012318816036
-0.0113363843411
-0.0110003426671
-0.0110101690516
-0.0125325359404
-0.0146075505763
-0.0164896976203
-0.0179003067315
-0.0192500948906
-0.0203639175743
-0.0196984522045
-0.0195160955191
-0.0210274755955
-0.0232809428126
-0.0260181576014
-0.0295333452523
-0.0314528271556
-0.0328181833029
-0.0336723923683
-0.0334933176637
-0.0329355038702
-0.0344024300575
-0.0351557247341
-0.0343704633415
-0.0327737554908
-0.0301886927336
-0.0278510283679
-0.0266510024667
-0.0253664348274
-0.0241316705942
-0.0244135875255
-0.0242777243257
-0.0237049087882
-0.0236613154411
-0.0236954595894
-0.0231157504022
-0.021195281297
-0.0169042181224
-0.0125952670351
-0.0102618709207
-0.0101705566049
-0.0104246791452
-0.011345827952
-0.0125790312886
-0.0148326996714
-0.0174483079463
-0.0178592912853
-0.0170605387539
-0.0148596186191
-0.0103592630476
-0.00802374817431
-0.00841537024826
-0.00872542336583
-0.00922319386154
-0.00988244451582
-0.00966458301991
-0.00875597260892
-0.0069056879729
-0.00448410026729
-0.00374266458675
-0.00372680230066
-0.00603257818148
-0.00493009854108
-0.00246499991044
-0.00095430132933
0.000769190490246
0.000945919658989
0.0010637557134
0.00197468185797
0.00343938404694
0.00475255353376
0.00669986335561
0.00843796133995
0.0106801334769
0.0129149705172
0.0145749524236
0.0157784037292
0.0155738182366
0.0148067977279
0.0152395162731
0.0150846038014
0.0147166568786
0.0140970051289
0.0140007250011
0.0136901531368
0.0140683781356
0.0156677700579
0.0181993506849
0.0192484036088
0.0194142963737
0.0186161082238
0.0164229348302
0.0131123922765
0.0112699568272
0.0117547698319
0.0128380581737
0.0146630294621
0.0165249481797
0.0177651140839
0.0196843463928
0.0217058416456
0.0235036108643
0.0259039606899
0.0281172245741
0.0318539850414
0.0348631925881
0.0369670763612
0.0386901386082
0.0409277565777
0.0437733307481
0.0475255586207
0.0500427149236
0.0512449853122
0.0516514666378
0.0502491854131
0.0488415174186
0.049257684499
0.0493920706213
0.0503884106874
0.048828266561
0.0473203621805
0.0500576384366
0.0540822632611
0.0575669519603
0.0583043172956
0.057059969753
0.0553876459599
0.0533100776374
0.0517838224769
0.0517770126462
0.0523369722068
0.0523949563503
0.0524040833116
0.0520922653377
0.0517814084888
0.051045037806
0.048739310354
0.045760601759
0.043683193624
0.0424017310143
0.0419014059007
0.0419952198863
0.044368006289
0.0479234606028
0.0532302819192
0.0579264163971
0.0616541057825
0.0640088990331
0.0655739307404
0.065437681973
0.0647449195385
0.0640455782413
0.0623771324754
0.0622599795461
0.063632838428
0.0657944828272
0.0688513591886
0.0713061690331
0.0744650661945
0.0782563015819
0.0827287137508
0.0868260934949
0.0904000252485
0.0940165445209
0.0965429246426
0.0984685793519
0.0994782298803
0.0990679338574
0.0979304015636
0.096257135272
0.0951164364815
0.0934774875641
0.0916617438197
0.0916979163885
0.0921034738421
0.0920551493764
0.0923035591841
0.0925720259547
0.0923393964767
0.0919085368514
0.0909720286727
0.0892923474312
0.0875364691019
0.0858182385564
0.0854477211833
0.0857643857598
0.0855750069022
0.0848591998219
0.0834126845002
0.083213724196
0.0839748755097
0.0860480964184
0.0886906310916
0.0913625955582
0.0946765691042
0.097861289978
0.100066170096
0.101472482085
0.102092206478
0.101951226592
0.101205408573
0.0996611267328
0.0987984091043
0.097765006125
0.0968484207988
0.0966255292296
0.097048163414
0.0992826446891
0.101593315601
0.103142634034
0.103814445436
0.104627259076
0.105163663626
0.104392565787
0.102557510138
0.100197061896
0.0996355041862
0.100471042097
0.100974954665
0.0999485179782
0.0974045693874
0.0943865701556
0.0918652564287
0.0897498503327
0.0901436656713
0.0934043526649
0.0970346853137
0.101953983307
0.10760166496
0.11302639544
0.117340825498
0.119877792895
0.121547110379
0.12343955785
0.124224476516
0.123526282609
0.122765190899
0.122433774173
0.12210034579
0.120792396367
0.119109049439
0.117639034986
0.117300912738
0.115533851087
0.112303689122
0.109535358846
0.107028804719
0.106271423399
0.106538623571
0.107607528567
0.108643583953
0.109389573336
0.110523760319
0.112102262676
0.114566922188
0.117157310247
0.120293356478
0.124886713922
0.129069730639
0.131512343884
0.133606672287
0.135135307908
0.134957015514
0.133088484406
0.131252631545
0.13160726428
0.133106708527
0.134275406599
0.134721696377
0.135284781456
0.134738788009
0.134357899427
0.133585944772
0.131820932031
0.129229471087
0.126469627023
0.122773386538
0.116911917925
0.110350064933
0.106987781823
0.105748355389
0.103894352913
0.102116003633
0.100260555744
0.0987261533737
0.0975444540381
0.0975234508514
0.0992067009211
0.102493852377
0.104378335178
0.102661266923
0.0998162254691
0.0960680320859
0.0917675197124
0.0874054133892
0.083927102387
0.0810407698154
0.0782936736941
0.075414724648
0.0737860947847
0.0731878131628
0.0741574466228
0.075064599514
0.0747845768929
0.0730806291103
0.0703508332372
0.0664806067944
0.0622461289167
0.0581486448646
0.0545210987329
0.0519921965897
0.0508693791926
0.0512310601771
0.0542868897319
0.058462433517
0.0632482394576
0.0669690221548
0.0685375332832
0.0690524727106
0.0699743852019
0.0704216137528
0.0692298039794
0.0668888762593
0.0662060305476
0.0663162320852
0.0672100484371
0.0677406489849
0.0663631185889
0.0653659105301
0.0640052258968
0.064348615706
0.0657392591238
0.0683053433895
0.070727661252
0.0727188661695
0.0728211849928
0.0722279921174
0.0706333965063
0.0681663528085
0.0649304315448
0.0622641593218
0.0590430498123
0.0554371215403
0.0521073564887
0.0495604909956
0.0482802465558
0.046576090157
0.0445214621723
0.0432796850801
0.0436562895775
0.0436802990735
0.0433519557118
0.0431436821818
0.0440022200346
0.0458466559649
0.0464553870261
0.0458854585886
0.0441961437464
0.0397478081286
0.0347860902548
0.031044177711
0.0275972783566
0.0253024492413
0.0231304373592
0.020551148802
0.0188573878258
0.0155534911901
0.0120193213224
0.0110038090497
0.0116722527891
0.013363275677
0.0145210828632
0.014664368704
0.0133214015514
0.0113800857216
0.0107808113098
0.00978790968657
0.0083778090775
0.00903777778149
0.0109747238457
0.0131986215711
0.015294412151
0.0179835800081
0.020678434521
0.0237559862435
0.0251597203314
0.0260299351066
0.0270635932684
0.0278360582888
