0
-9.701e-17
-1.1993e-16
-3.6015e-17
-3.5863e-17
-2.0946e-17
-1.7326e-17
-8.1725e-17
-8.1309e-18
-1.0677e-16
-2.2721e-16
-2.5718e-16
9.6549e-18
-5.8668e-17
-7.1756e-17
-9.0717e-17
2.6194e-17
-0.00033879
-0.0009156
-0.0017891
-0.0028558
-0.0044345
-0.0067049
-0.0095982
-0.012956
-0.016737
-0.021176
-0.026402
-0.031887
-0.037763
-0.043702
-0.05043
-0.057051
-0.06399
-0.070475
-0.077341
-0.08413
-0.090906
-0.097237
-0.10321
-0.1094
-0.11521
-0.12086
-0.12577
-0.1307
-0.13529
-0.13982
-0.14364
-0.14716
-0.15043
-0.15374
-0.1565
-0.15888
-0.16075
-0.16306
-0.16472
-0.16654
-0.16744
-0.16884
-0.16974
-0.17091
-0.17135
-0.17187
-0.17222
-0.17278
-0.17294
-0.17295
-0.17274
-0.17295
-0.17282
-0.17277
-0.1722
-0.1721
-0.17182
-0.17174
-0.17126
-0.17082
-0.17051
-0.17033
-0.17001
-0.16955
-0.16903
-0.16888
-0.16857
-0.16835
-0.16775
-0.1675
-0.16727
-0.16716
-0.16682
-0.16633
-0.16541
-0.16409
-0.16219
-0.15974
-0.15665
-0.15296
-0.14867
-0.14384
-0.13852
-0.13276
-0.12664
-0.12021
-0.11353
-0.10668
-0.099727
-0.092727
-0.085754
-0.078883
-0.072165
-0.065651
