0.020226377993822098
0.014611073769629002
0.016431627795100212
0.03235158696770668
0.03239519149065018
0.03175497427582741
0.02281120978295803
0.017886295914649963
0.01840970292687416
0.016126902773976326
-0.0012691359734162688
-0.0012691359734162688
-0.0012691359734162688
-0.0012691359734162688
-0.0012691359734162688
-0.0012691359734162688
-0.0012691359734162688
-0.006143911741673946
-0.0034070059191435575
-0.0012691359734162688
-0.0012691359734162688
-0.0012691359734162688
-0.0012691359734162688
-0.0012691359734162688
-0.0012691359734162688
-0.0012691359734162688
-0.0012691359734162688
-0.0012691359734162688
-0.0012691359734162688
-0.0012691359734162688
-0.0012691359734162688
-0.0012691359734162688
-0.0012691359734162688
-0.0012691359734162688
-0.006263773888349533
-0.008444957435131073
-0.013276380486786366
-0.011048517189919949
-0.00837905053049326
-0.010306263342499733
-0.00972692295908928
-0.025725839659571648
-0.042602311819791794
-0.044963572174310684
-0.04904772713780403
-0.06095045804977417
-0.05458074063062668
-0.04293714463710785
-0.049419645220041275
-0.04389768838882446
-0.043108757585287094
-0.03880536928772926
-0.045517805963754654
-0.055450741201639175
-0.05169914290308952
-0.054133832454681396
-0.05523104965686798
-0.05621669813990593
-0.05738053098320961
-0.054557736963033676
-0.05252396687865257
-0.05872287601232529
-0.09532787650823593
-0.10549864917993546
-0.10005830973386765
-0.08275921642780304
-0.07549460977315903
-0.06889313459396362
-0.06960777938365936
-0.06634455174207687
-0.07854332774877548
-0.08676043152809143
-0.10006977617740631
-0.097504623234272
-0.10064120590686798
-0.09451781213283539
-0.08982617408037186
-0.07364521920681
-0.07884275168180466
-0.08229368180036545
-0.08168511092662811
-0.08145853877067566
-0.06552278995513916
-0.0570157989859581
-0.05838922783732414
-0.057469580322504044
-0.07895706593990326
-0.07343641668558121
-0.07281747460365295
-0.086511991918087
-0.10205547511577606
-0.09306082874536514
-0.09057082235813141
-0.08671347051858902
-0.0739593654870987
-0.057786423712968826
-0.05804307386279106
-0.06453199684619904
-0.06715307384729385
-0.057442717254161835
-0.06321563571691513
-0.05964723229408264
-0.0584731362760067
-0.06640705466270447
-0.0668967142701149
-0.06803398579359055
-0.06546735763549805
-0.04691204056143761
-0.031819459050893784
-0.03454475849866867
-0.03265069052577019
