0.11876416206359863
0.12050749361515045
0.11750616878271103
0.11367394775152206
0.10608622431755066
0.11056586354970932
0.11859587579965591
0.12467329204082489
0.12926727533340454
0.12435412406921387
0.11711566150188446
0.10995637625455856
0.10669837892055511
0.10719248652458191
0.10281013697385788
0.09273933619260788
0.08871430158615112
0.07849811017513275
0.06781664490699768
0.05926287919282913
0.05368516594171524
0.048132989555597305
0.042203936725854874
0.036954861134290695
0.03824298456311226
0.03710377588868141
0.03190601244568825
0.022468924522399902
0.015436535701155663
0.003332808380946517
-0.0024363368283957243
-0.0036597084254026413
-0.011383667588233948
-0.017054792493581772
-0.026500286534428596
-0.036489300429821014
-0.044915881007909775
-0.049287229776382446
-0.05006633326411247
-0.05576993525028229
-0.06303341686725616
-0.06359072029590607
-0.06455425173044205
-0.07426021993160248
-0.08002765476703644
-0.09251247346401215
-0.1002756804227829
-0.10345809161663055
-0.10905303061008453
-0.1166788712143898
-0.12457715719938278
-0.13266555964946747
-0.1389717310667038
-0.14652907848358154
-0.15531717240810394
-0.15943585336208344
-0.15495923161506653
-0.15427656471729279
-0.15288494527339935
-0.1554058939218521
-0.15472474694252014
-0.16016744077205658
-0.1642802208662033
-0.1666364222764969
-0.16371475160121918
-0.16200414299964905
-0.15507866442203522
-0.1478937417268753
-0.13954827189445496
-0.14369507133960724
-0.14874662458896637
-0.15037742257118225
-0.15263251960277557
-0.1517701894044876
-0.15912456810474396
-0.16159123182296753
-0.1558363139629364
-0.145505890250206
-0.1327046900987625
-0.14097104966640472
-0.14792996644973755
-0.1445782482624054
-0.14350759983062744
-0.1438046246767044
-0.140298992395401
-0.134080171585083
-0.126052588224411
-0.11252748221158981
-0.10479408502578735
-0.10317607969045639
-0.10683003067970276
-0.10212275385856628
-0.10700536519289017
-0.10905980318784714
-0.10443631559610367
-0.1053583025932312
-0.1030552089214325
-0.09298457205295563
-0.08423849195241928
-0.07621000707149506
-0.07272504270076752
-0.0695723444223404
-0.068229079246521
-0.07048953324556351
-0.06732679903507233
-0.06307251006364822
-0.05323364958167076
-0.04688169062137604
-0.0392778106033802
-0.03854650259017944
-0.03630184009671211
