-0.0055215456523
-0.00300278887153
0.00400254456326
0.00832065008581
0.01133405976
0.0123026259243
0.012257296592
0.00837454944849
0.00528240809217
0.00374838383868
0.00379952741787
0.00317944632843
0.00331418542191
0.0025557144545
0.00536865228787
0.0104675069451
0.0138604771346
0.015552746132
0.0160135459155
0.0155052915215
0.0133397430182
0.00931147113442
0.00480805290863
0.0063506658189
0.0106291547418
0.0162066929042
0.0192027781159
0.0169919077307
0.0124312024564
0.00551381381229
-0.00122291827574
-0.00348185701296
-0.00158606655896
-0.000468746758997
-0.00198771827854
-0.00655286759138
-0.0111297871917
-0.0155616663396
-0.0194373317063
-0.0225659254938
-0.0236259233207
-0.0236737746745
-0.0222651530057
-0.0201477836818
-0.0192665662616
-0.0193508099765
-0.0198885127902
-0.021980702877
-0.0251215863973
-0.0280930642039
-0.0304404497147
-0.0317998416722
-0.0318764857948
-0.0318065658212
-0.0332669578493
-0.0345622450113
-0.0363355055451
-0.0386683270335
-0.0408875346184
-0.0423131212592
-0.042916636914
-0.043279863894
-0.0410577394068
-0.0388044603169
-0.0377672761679
-0.0386445224285
-0.040023189038
-0.0416718833148
-0.0432703085244
-0.0443136170506
-0.0451234169304
-0.0439235679805
-0.0405683778226
-0.0382993109524
-0.0371736586094
-0.0386915840209
-0.0419000759721
-0.0439057871699
-0.044134221971
-0.0442259125412
-0.0429310575128
-0.0382018201053
-0.0334119163454
-0.030732344836
-0.0304762385786
-0.0331191346049
-0.0378458537161
-0.0414115525782
-0.0444414503872
-0.0464359223843
-0.0468254350126
-0.0453785955906
-0.043612729758
-0.0428112186491
-0.043374042958
-0.0455760583282
-0.0490872897208
-0.0518600828946
-0.0537752173841
-0.0548542626202
-0.0553889237344
-0.0544603615999
-0.0521167740226
-0.0489641316235
-0.0455169901252
-0.0399268381298
-0.033664599061
-0.0268638283014
-0.0243534389883
-0.0250658225268
-0.0259414389729
