0
-1.7053e-16
-1.0768e-16
-1.7844e-16
-2.7548e-16
-1.7792e-16
-2.0032e-16
-2.5932e-16
-9.0887e-17
-1.1364e-16
-8.0066e-17
-1.6072e-16
-8.4764e-17
-2.2963e-16
-4.5921e-17
-1.2469e-16
-1.1214e-16
-1.071e-16
-8.6724e-17
3.6606e-18
-5.4197e-17
-1.384e-17
-3.64e-17
-9.7036e-17
-4.5295e-16
3.3336e-18
2.1665e-18
-1.9183e-17
8.0394e-18
-2.0724e-16
1.0991e-17
9.34e-18
7.335e-18
5.3748e-18
-2.1468e-16
-2.4038e-16
-7.9575e-19
-5.1593e-19
-2.3883e-16
6.3198e-18
9.0659e-18
-2.303e-16
1.1643e-17
-2.0749e-16
8.6733e-18
-2.1089e-16
-1.7564e-16
6.0078e-16
5.7877e-16
6.0228e-16
4.6471e-16
5.8968e-16
4.4025e-16
4.2445e-16
4.1117e-16
5.3787e-16
4.9366e-16
-5.4217e-17
-2.6443e-16
-3.8156e-17
-2.7769e-17
-1.4042e-17
6.4047e-19
1.2698e-17
1.975e-17
-1.9686e-16
1.717e-17
1.0226e-17
-2.1448e-16
-2.1969e-16
-2.2283e-16
-2.2269e-16
-1.0596e-18
0.00023593
0.00053361
0.00084198
0.0011463
0.0015049
0.0020067
0.0025174
0.0030003
0.0034513
0.0039829
0.0045534
0.0051027
0.0056166
0.0060961
0.0066769
0.0072469
0.0077888
0.0082973
0.0087961
0.0093416
0.010141
0.011133
0.012179
0.013221
0.01429
0.015542
0.016943
0.018289
0.019591
0.020904
0.022298
0.023753
0.025113
0.02641
0.027739
0.029109
0.030454
0.031709
0.032888
0.03409
0.035391
0.036929
0.038559
0.040133
0.041692
0.043278
0.045155
0.046888
0.048538
0.050125
0.05172
0.053399
0.054933
0.056361
0.057731
0.05913
0.060518
0.061788
0.062952
0.064058
0.065203
0.066495
0.06797
0.0694
0.070744
0.072096
0.073626
0.075224
0.076709
0.078032
0.079295
0.080698
0.081992
0.083141
0.084185
0.085234
0.086287
0.087229
0.088043
0.088745
0.089504
0.090357
0.091337
0.092366
0.093302
0.094225
0.09529
0.096375
0.097502
0.098403
0.099245
0.10011
0.10101
0.10175
0.10241
0.10302
0.10362
0.1042
0.10464
0.10497
0.10528
0.1056
0.10605
0.10671
0.10727
0.10779
0.10834
0.10905
0.10987
0.11047
0.11096
0.11143
0.11203
0.11247
0.1128
0.11306
0.11334
0.11362
0.11377
0.11381
0.11379
0.11382
0.11401
0.11437
0.11469
0.11495
0.11521
0.11568
0.11623
0.11667
0.11695
0.11717
0.11754
0.11781
0.11794
0.11798
0.11802
0.11809
0.11807
0.11793
0.11769
0.11753
0.11749
0.1176
0.11776
0.11787
0.11798
0.11826
0.11872
0.11895
0.11912
0.11927
0.11945
0.11962
0.11966
0.11962
0.11959
0.11957
0.11949
0.11932
0.11906
0.11881
0.11856
0.11821
0.11775
0.11722
0.11664
0.11602
0.11539
0.11456
0.1137
0.11278
0.11181
0.11075
0.10963
0.10848
0.1073
0.10606
0.10477
0.10344
0.10209
0.10071
0.099284
0.097828
0.096347
0.094843
0.093312
0.091758
0.090213
0.088647
0.08704
0.085423
0.083797
0.082165
0.080527
0.078886
0.07724
0.075591
0.073938
0.07228
0.070618
0.068954
0.067289
0.065626
0.06397
0.062322
0.060687
0.059067
0.057466
0.055885
0.054327
0.052793
0.051285
0.049803
0.048347
0.046917
0.045514
0.044138
0.042787
0.041463
0.040165
0.038893
0.037646
0.036426
0.035232
0.034064
