0.020280469208955765
-0.0012691359734162688
-0.0012691359734162688
-0.0012691359734162688
-0.0012691359734162688
-0.0012691359734162688
-0.0012691359734162688
-0.0012691359734162688
-0.0012691359734162688
-0.0012691359734162688
-0.0012691359734162688
-0.0012691359734162688
-0.0012691359734162688
-0.0012691359734162688
-0.0012691359734162688
-0.0012691359734162688
-0.0012691359734162688
-0.0012691359734162688
-0.0012691359734162688
-0.0012691359734162688
-0.0012691359734162688
-0.0012691359734162688
-0.0012691359734162688
-0.0012691359734162688
-0.0012691359734162688
-0.0012691359734162688
-0.0012691359734162688
-0.0012691359734162688
-0.0012691359734162688
-0.0012691359734162688
-0.0012691359734162688
-0.0012691359734162688
-0.0012691359734162688
-0.0012691359734162688
-0.0012691359734162688
-0.0012691359734162688
-0.0012691359734162688
-0.0012691359734162688
-0.0012691359734162688
-0.0012691359734162688
-0.0012691359734162688
-0.0012691359734162688
-0.0012691359734162688
-0.0012691359734162688
-0.0012691359734162688
-0.0012691359734162688
-0.0012691359734162688
-0.0012691359734162688
-0.0012691359734162688
-0.0012691359734162688
-0.0012691359734162688
-0.0012691359734162688
-0.0012691359734162688
-0.0012691359734162688
-0.0012691359734162688
-0.0012691359734162688
-0.0012691359734162688
-0.0012691359734162688
-0.0012691359734162688
-0.0012691359734162688
-0.0012691359734162688
-0.0012691359734162688
-0.0012691359734162688
-0.0012691359734162688
-0.0012691359734162688
-0.0012691359734162688
-0.0012691359734162688
-0.0012691359734162688
-0.0012691359734162688
-0.0012691359734162688
-0.0012691359734162688
-0.0012691359734162688
-0.0012691359734162688
-0.0012691359734162688
-0.0012691359734162688
-0.0012691359734162688
-0.0012691359734162688
-0.0012691359734162688
-0.0012691359734162688
-0.0012691359734162688
-0.0012691359734162688
-0.0012691359734162688
-0.0012691359734162688
-0.0012691359734162688
-0.0012691359734162688
-0.0012691359734162688
-0.0012691359734162688
-0.0012691359734162688
-0.0012691359734162688
-0.0012691359734162688
-0.0012691359734162688
-0.0012691359734162688
-0.0012691359734162688
-0.0012691359734162688
-0.0012691359734162688
-0.0012691359734162688
-0.0012691359734162688
-0.0012691359734162688
-0.0012691359734162688
-0.0012691359734162688
-0.0012691359734162688
-0.0012691359734162688
-0.0012691359734162688
-0.0012691359734162688
-0.0012691359734162688
-0.0012691359734162688
-0.0012691359734162688
-0.0012691359734162688
-0.0012691359734162688
-0.0012691359734162688
-0.0012691359734162688
-0.0012691359734162688
-0.0012691359734162688
-0.0012691359734162688
-0.0012691359734162688
-0.0012691359734162688
-0.0012691359734162688
-0.0012691359734162688
-0.0012691359734162688
0.002380221616476774
0.010997404344379902
0.009457580745220184
0.008721052668988705
0.007692492567002773
0.005704092793166637
0.004550551995635033
0.007422898896038532
0.007786946836858988
0.011674227192997932
0.010046488605439663
0.007892554625868797
0.005449436604976654
0.006145763676613569
0.0069131506606936455
0.010517682880163193
0.013143091462552547
0.011476247571408749
0.010134479962289333
0.011635824106633663
0.012118027545511723
0.011875225231051445
0.01325943786650896
0.012886930257081985
0.014452604576945305
0.014816748909652233
0.015628671273589134
0.015371196903288364
0.015134524554014206
0.014976625330746174
0.014686220325529575
0.015368043445050716
0.015348725020885468
0.021454690024256706
0.021654190495610237
0.014921038411557674
0.03460127115249634
0.03366074338555336
0.015552015043795109
0.0225458275526762
0.01804894581437111
0.014962870627641678
0.014363911934196949
0.014135447330772877
0.014769375324249268
0.026257429271936417
0.014388901181519032
0.014633160084486008
0.013702763244509697
0.012451044283807278
0.0129887405782938
0.014216872863471508
0.014403545297682285
0.01410508994013071
0.013522597961127758
0.01712871715426445
0.01552277896553278
0.019977690652012825
0.023174826055765152
0.015203399583697319
0.013618221506476402
0.013839180581271648
0.01651834324002266
0.013486270792782307
0.015449896454811096
0.012576760724186897
0.013110380619764328
0.013061062432825565
0.012774818576872349
0.013027150183916092
0.01387948077172041
0.014705791138112545
0.01452125608921051
0.015132663771510124
0.013219085521996021
0.014880477450788021
0.01565924845635891
0.014919069595634937
0.014308959245681763
0.013788252137601376
0.014626406133174896
0.013931205496191978
0.013887308537960052
0.013822590932250023
0.014211793430149555
0.014693517237901688
0.02066352218389511
0.015653682872653008
0.02055743895471096
0.019689973443746567
0.01482454501092434
0.014466515742242336
0.014625847339630127
0.014711004681885242
0.013580270111560822
0.014020494185388088
0.014745236374437809
0.014907671138644218
0.021604109555482864
0.026172753423452377
0.024758918210864067
0.027699002996087074
0.027617786079645157
0.020789865404367447
0.019895054399967194
0.02230052463710308
0.02398453839123249
0.020784014835953712
0.021031871438026428
0.02298344112932682
0.025750432163476944
0.029086144641041756
0.026598118245601654
0.03209516033530235
0.02721671387553215
0.020347997546195984
0.02215542085468769
0.021363304927945137
0.02218027412891388
0.023514652624726295
0.021962299942970276
0.02310500666499138
0.02266930229961872
0.02393421344459057
0.020634038373827934
0.020697392523288727
0.020345067605376244
0.018921256065368652
0.022203223779797554
0.023801438510417938
0.021456578746438026
0.024126896634697914
0.024205299094319344
0.02546645514667034
0.02736552618443966
0.026756884530186653
0.02681637741625309
0.024443702772259712
0.025102436542510986
0.024392666295170784
0.027752798050642014
0.026238668709993362
0.026206115260720253
0.023076079785823822
0.022886671125888824
0.019794471561908722
0.02061859890818596
0.01519092358648777
0.01469486765563488
0.014712409116327763
0.014681796543300152
0.014759588986635208
0.015201915055513382
0.013353637419641018
0.014344381168484688
0.014367426745593548
0.009489912539720535
0.008576253429055214
0.009943008422851562
0.003638224443420768
0.007849088869988918
0.010349792428314686
0.009840630926191807
0.008824055083096027
0.009567776694893837
0.0095211798325181
0.01117165107280016
0.007203662768006325
0.007942604832351208
0.0028908930253237486
-0.0012691359734162688
-0.0012691359734162688
-0.0012691359734162688
-0.0012691359734162688
-0.0012691359734162688
-0.0012691359734162688
-0.0012691359734162688
-0.0012691359734162688
-0.0012691359734162688
-0.0012691359734162688
