-0.0007967228884808719
-0.001264097634702921
-0.002364571439102292
-0.002431928412988782
-0.0022950442507863045
-0.002124176127836108
-0.0036127001512795687
-0.007618452422320843
-0.011127407662570477
-0.01817948743700981
-0.024456938728690147
-0.03317425027489662
-0.042066529393196106
-0.048991609364748
-0.05758292227983475
-0.06637334823608398
-0.07599480450153351
-0.08505432307720184
-0.09120099246501923
-0.0932530015707016
-0.09504250437021255
-0.095194973051548
-0.09189201891422272
-0.08541082590818405
-0.07947680354118347
-0.0746745690703392
-0.07073606550693512
-0.066871777176857
-0.06327782571315765
-0.05820544436573982
-0.05767392739653587
-0.06016017869114876
-0.06559213995933533
-0.07264052331447601
-0.08062893897294998
-0.08911344408988953
-0.0995970219373703
-0.10364197939634323
-0.10638505965471268
-0.10410938411951065
-0.1024419441819191
-0.09861601144075394
-0.09984491020441055
-0.1054382473230362
-0.10507939755916595
-0.1028490737080574
-0.10294340550899506
-0.10785331577062607
-0.11578699201345444
-0.11893698573112488
-0.11950180679559708
-0.11094100773334503
-0.10335429757833481
-0.09606123715639114
-0.08537839353084564
-0.07389047741889954
-0.06529037654399872
-0.056519344449043274
-0.05134410038590431
-0.04625413194298744
-0.04182158783078194
-0.03313250094652176
-0.023024234920740128
-0.01158268004655838
-0.0053310454823076725
0.00144402333535254
0.004754734691232443
0.00785267073661089
0.00733695225790143
0.005974586587399244
0.005823104176670313
0.007154854014515877
0.004706878215074539
-0.0017658378928899765
-0.007186819799244404
-0.0127281304448843
-0.01606801711022854
-0.016382915899157524
-0.01635356806218624
-0.014708353206515312
-0.013662022538483143
-0.012924732640385628
-0.014798141084611416
-0.019516978412866592
-0.022307805716991425
-0.026390112936496735
-0.02873554266989231
-0.0259514432400465
-0.023789159953594208
-0.016951706260442734
-0.009219787083566189
-0.0017693773843348026
0.008690756745636463
0.014575906097888947
0.019633430987596512
0.022454475983977318
0.022349264472723007
0.020345672965049744
0.015486948192119598
0.013715122826397419
0.014408164657652378
0.014518076553940773
0.017229456454515457
0.018637200817465782
0.020203793421387672
0.018238557502627373
0.018370958045125008
0.016351236030459404
0.012806291691958904
0.01148215588182211
0.01172296516597271
0.01175162848085165
0.017495792359113693
0.02359410561621189
0.0299660824239254
0.03453149273991585
0.03492883965373039
0.03584282100200653
0.032699890434741974
0.026144372299313545
0.019808856770396233
0.016955308616161346
0.013851969502866268
0.011211738921701908
0.012098944745957851
0.011776670813560486
0.013770753517746925
0.012270187959074974
0.006970259360969067
0.0014963583089411259
-0.0046506887301802635
-0.007521162740886211
-0.010859842412173748
-0.014951923862099648
-0.0198293998837471
-0.01682249829173088
-0.012490380555391312
-0.010876882821321487
-0.010327129624783993
-0.0058228750713169575
-0.0019088929984718561
-0.004068749025464058
-0.007626693230122328
-0.013083547353744507
-0.014775159768760204
-0.015906140208244324
-0.0114753982052207
-0.0069976323284208775
-0.005560143850743771
-0.004827570635825396
-0.006533205043524504
-0.008145777508616447
-0.011127693578600883
-0.016732333227992058
-0.022318515926599503
-0.02652077190577984
-0.030633529648184776
-0.03046250157058239
-0.029375357553362846
-0.026626907289028168
-0.024468332529067993
-0.02240670658648014
-0.016817808151245117
-0.01380050741136074
-0.010719731450080872
-0.009052764624357224
-0.008434844203293324
-0.010073588229715824
-0.009709023870527744
-0.006457498297095299
-0.006879286374896765
-0.0036759369540959597
0.0005212653777562082
0.005740690976381302
0.011361449025571346
0.01671248860657215
0.023471755906939507
0.02867487631738186
0.03285790979862213
0.03559129685163498
0.038102105259895325
0.039662767201662064
0.03851771727204323
0.04153350368142128
0.04468750208616257
0.04379918426275253
0.041753139346838
0.040118396282196045
0.0398847721517086
0.03781747445464134
0.03583356365561485
0.03212863951921463
0.03189828246831894
0.029266778379678726
0.022120550274848938
0.020848000422120094
0.020015675574541092
0.016605792567133904
0.01220336277037859
0.011990867555141449
0.011406938545405865
0.011953126639127731
0.013344382867217064
0.009850949048995972
0.008287730626761913
0.0054777031764388084
0.005313449073582888
0.006024193484336138
0.008271473459899426
0.011151690967381
0.013361414894461632
0.013686089776456356
0.014475147239863873
0.008000382222235203
0.0008274679421447217
-0.006308515556156635
-0.012724176049232483
-0.020365452393889427
-0.026311879977583885
-0.03322863206267357
-0.03960415720939636
-0.04583015665411949
-0.05303849279880524
-0.057369571179151535
-0.06518702208995819
-0.07257296144962311
-0.071459099650383
-0.0695381835103035
-0.06579842418432236
-0.06164461746811867
-0.0634014829993248
-0.06280390918254852
-0.0607689805328846
-0.06042906269431114
-0.05689604580402374
-0.05314275622367859
-0.048278991132974625
-0.044705651700496674
-0.043513502925634384
-0.041209425777196884
-0.03850112110376358
-0.03815687820315361
-0.03797284886240959
-0.03781045600771904
-0.04064112529158592
-0.04175269976258278
-0.04045528173446655
-0.0380282886326313
-0.033117618411779404
-0.036691226065158844
-0.03555870056152344
-0.03837404027581215
-0.039356447756290436
-0.038645725697278976
-0.042705364525318146
-0.048246875405311584
-0.05145714432001114
-0.05429795756936073
-0.05644094571471214
-0.05924048647284508
-0.06994820386171341
-0.0690930187702179
-0.058341026306152344
-0.04547441750764847
-0.051099743694067
-0.06261102855205536
-0.0921621173620224
-0.117195725440979
-0.13187862932682037
-0.1430792212486267
-0.14678318798542023
-0.15493516623973846
-0.1580742448568344
-0.1449081003665924
-0.1305222064256668
-0.11434342712163925
-0.09961075335741043
-0.08945811539888382
-0.07830436527729034
-0.06144167482852936
-0.046469878405332565
-0.03434748947620392
-0.027303602546453476
-0.020249389111995697
-0.01624911278486252
-0.010927367955446243
-0.007773499004542828
-0.0016951838042587042
0.0038740721065551043
0.006748035084456205
0.006883702706545591
0.008127054199576378
0.012024199590086937
0.01231109444051981
0.01021216157823801
0.008097839541733265
0.0035048031713813543
-3.7386780604720116e-05
-0.008653135038912296
