-0.0110406335443
-0.0118498466909
-0.0107324197888
-0.0113276392221
-0.0115122199059
-0.0105428062379
-0.00961494073272
-0.00947641767561
-0.00899798143655
-0.00823744665831
-0.00832441914827
-0.00848566368222
-0.0083344746381
-0.00853032059968
-0.0085263736546
-0.0087368413806
-0.00851348321885
-0.0083703706041
-0.0078285895288
-0.00699889846146
-0.006402740255
-0.00585773261264
-0.00524740293622
-0.00459051737562
-0.00425888877362
-0.00346624292433
-0.00255788420327
-0.00124893779866
-0.000544822774827
-0.00034105591476
0.000884889159352
0.00154769374058
0.00237119151279
0.00291305221617
0.00336885405704
0.00490891421214
0.00518024573103
0.00531631195918
0.00521923461929
0.00469575868919
0.00484075164422
0.0046393093653
0.00536820432171
0.00591284083202
0.00529276346788
0.0046822684817
0.00497615383938
0.00534125464037
0.00575445825234
0.00578232062981
0.00619784509763
0.00646639196202
0.00597705086693
0.0050424891524
0.00474091945216
0.00337580079213
0.00307815941051
0.00395415117964
0.00538424821571
0.00610448187217
0.00642986735329
0.0068646161817
0.00667416071519
0.00586508912966
0.00434981146827
0.00389119284227
0.00456617726013
0.00554427271709
0.00715197203681
0.0117139723152
0.0159790273756
0.0179368387908
0.0193745736033
0.0199676528573
0.0207559578121
0.0204501431435
0.0192226245999
0.0182550437748
0.017232991755
0.0164487436414
0.0170814897865
0.0161715131253
0.0169535949826
0.0188365858048
0.0193989817053
0.0184979233891
0.0177396014333
0.0177184697241
0.0168042574078
0.0170336570591
0.0172653347254
0.0175452586263
0.0176578368992
0.0180701967329
0.0181464049965
0.0185320489109
0.0174398347735
0.0163428708911
0.013987313956
0.0129633042961
0.0126125123352
0.0121030919254
0.0121218375862
0.012304212898
0.0123807825148
0.0125071592629
0.0122508741915
0.0123649947345
0.0127862300724
0.0127188786864
0.0129344109446
0.0128603093326
0.0123537164181
0.0111561920494
0.00965346582234
0.00804856047034
0.00666810804978
0.00602670991793
0.00584894930944
0.00600703293458
0.0065519050695
0.00663413060829
0.00557357491925
0.0053216884844
0.00620178272948
0.00954376347363
0.0123940687627
0.0159820858389
0.0187745764852
0.0210961326957
0.0237751733512
0.025952892378
0.0278542302549
0.029874112457
0.0324135757983
0.0341840349138
0.0363906398416
0.0389997698367
0.0414436645806
0.0430720150471
0.0443429537117
0.045994989574
0.0479779541492
0.0501330941916
0.0510114505887
0.0521062985063
0.052290212363
0.0521157868207
0.0517738610506
0.0509048812091
0.0501023195684
0.049265217036
0.0479085817933
0.04705286026
0.0469603650272
0.0464868582785
0.0450006201863
0.0437849909067
0.0420797020197
0.0412092916667
0.0408422201872
0.0407741516829
0.0404425375164
0.0415455587208
0.0428540706635
0.0438761599362
0.0441933311522
0.0451671145856
0.0461019054055
0.0465044975281
0.0455961786211
0.0448553748429
0.0437560081482
0.0426433198154
0.0411361977458
0.0403565578163
0.0397350303829
0.0385902784765
0.0364784151316
0.0341389477253
0.0335195027292
0.0338361114264
0.0343011282384
0.0352064557374
0.0354364365339
0.0366790890694
0.0378780961037
0.0395832769573
0.0411175265908
0.04275816679
0.0438502468169
0.044211987406
0.0423645041883
0.0390363447368
0.0358005873859
0.0328054204583
0.02905472368
0.0262695997953
0.0238172840327
0.0226927213371
0.02413982898
0.0257091857493
0.0278112925589
0.030275426805
0.0331710465252
0.0356018468738
0.0373819470406
0.0384261608124
0.0380062311888
0.0370991118252
0.0370309464633
0.0376812517643
0.0387872382998
0.0410454571247
0.0437969490886
0.0461914055049
0.0474281944335
0.0480367355049
0.0483077578247
0.0491193234921
0.0496763028204
0.0509533844888
0.0513446107507
0.051834885031
0.0520914793015
0.0521319657564
0.0521874800324
0.052355799824
0.052298374474
0.0524747259915
0.0519795678556
0.0511556491256
0.049517787993
0.0479001067579
0.045724414289
0.0432096496224
0.0411725528538
0.0389754325151
0.0373765006661
0.0367939025164
0.0371278636158
0.0382122062147
0.0388915799558
0.0399850867689
0.0404884703457
0.0418838523328
0.0441465824842
0.0470821708441
0.0499321781099
0.0513109229505
0.0529452301562
0.0542363598943
0.055874619633
0.0581835061312
0.0600478351116
0.0613505765796
0.0621602088213
0.0630582123995
0.0626646876335
0.0623733624816
0.0611873269081
0.0593384206295
0.0568640679121
0.0557561852038
0.0541320443153
0.0525798462331
0.0511132255197
0.0496775023639
0.0478478334844
0.0461362525821
0.0447151884437
0.0437795035541
0.0429499074817
0.0419888682663
0.0407503917813
0.0395051799715
0.0388373844326
0.0386661849916
0.0387982539833
0.0391917712986
0.0388525687158
0.0376015789807
0.035956941545
0.0349027104676
0.0342690460384
0.0337537303567
0.032782536
0.0319746993482
0.0308757536113
0.0299805290997
0.0299443490803
0.0300587676466
0.030495185405
0.0311701931059
0.0319280773401
0.032188102603
0.0313811227679
0.0303567461669
0.0306925848126
