0
0
0
-3.8701e-17
-2.5062e-17
-7.6299e-17
-3.1433e-16
-2.414e-16
-1.009e-16
-6.9208e-17
-1.4351e-17
2.7628e-17
2.9945e-17
2.7067e-17
-2.1039e-16
-1.491e-16
4.8095e-18
2.9979e-18
6.2152e-18
9.7316e-18
-8.1484e-17
9.1793e-18
-1.3843e-16
4.4386e-18
-0.00014265
-0.00065991
-0.0015348
-0.0029182
-0.0053688
-0.0086966
-0.012917
-0.018584
-0.0253
-0.032931
-0.042023
-0.051958
-0.062613
-0.074316
-0.086545
-0.09911
-0.11221
-0.12555
-0.13878
-0.15213
-0.16552
-0.17852
-0.1912
-0.20401
-0.21615
-0.22758
-0.23893
-0.24977
-0.25986
-0.2697
-0.27902
-0.28755
-0.29563
-0.30344
-0.31028
-0.31665
-0.32292
-0.32818
-0.33294
-0.3378
-0.3416
-0.34492
-0.34854
-0.35107
-0.35324
-0.35576
-0.35735
-0.35869
-0.35997
-0.36111
-0.36176
-0.36233
-0.36291
-0.36296
-0.36299
-0.36313
-0.36273
-0.3624
-0.36219
-0.36163
-0.36109
-0.36065
-0.36004
-0.35935
-0.35876
-0.35815
-0.35732
-0.35668
-0.35607
-0.35522
-0.35464
-0.35402
-0.35338
-0.35273
-0.35225
-0.35168
-0.3511
-0.3508
-0.35059
-0.35031
-0.3506
-0.35083
-0.35104
-0.35156
-0.35197
-0.35229
-0.35273
-0.35307
-0.3532
-0.35338
-0.35343
-0.35316
-0.35301
-0.35275
-0.35225
-0.35175
-0.35142
-0.35081
-0.35017
-0.34997
-0.34942
-0.34888
-0.34753
-0.34577
-0.34291
-0.33925
-0.33426
-0.32831
-0.32106
-0.31279
-0.30336
-0.29308
-0.28184
-0.26997
-0.25744
-0.24444
-0.23111
-0.21759
-0.20388
-0.19026
-0.17677
-0.16351
-0.15056
-0.138
