0.0202347319573164
-0.0012691359734162688
0.0004263155860826373
0.00558740459382534
0.006989356130361557
0.0029349562246352434
-0.0012691359734162688
-0.0012691359734162688
-0.0012691359734162688
-0.0012691359734162688
-0.0012691359734162688
-0.0012691359734162688
-0.0012691359734162688
-0.0012691359734162688
-0.0012691359734162688
-0.0012691359734162688
-0.0012691359734162688
-0.0012691359734162688
-0.0012691359734162688
-0.0012691359734162688
-0.0012691359734162688
-0.0012691359734162688
-0.0012691359734162688
-0.0012691359734162688
-0.0012691359734162688
-0.0012691359734162688
-0.0012691359734162688
-0.0012691359734162688
-0.0012691359734162688
-0.0003119904431514442
-0.0012691359734162688
-0.0012691359734162688
-0.0012691359734162688
-0.0012691359734162688
-0.0012691359734162688
-0.0012691359734162688
-0.0012691359734162688
-0.0012691359734162688
-0.0012691359734162688
-0.0012691359734162688
-0.0012691359734162688
-0.014939675107598305
-0.026178603991866112
-0.027915405109524727
-0.02411314658820629
-0.019881974905729294
-0.030973970890045166
-0.0012691359734162688
-0.047469429671764374
-0.06567134708166122
-0.07768798619508743
-0.08635450154542923
-0.08304759114980698
-0.04810292646288872
-0.048316776752471924
-0.08543377369642258
-0.11715307086706161
-0.10247822850942612
-0.10297390818595886
-0.10676316916942596
-0.10448063164949417
-0.11565668880939484
-0.12652549147605896
-0.12515531480312347
-0.12323696911334991
-0.12082336843013763
-0.12599004805088043
-0.14209222793579102
-0.12748876214027405
-0.14589300751686096
-0.140675351023674
-0.1392938792705536
-0.12652310729026794
-0.20664507150650024
-0.1682703047990799
-0.17450246214866638
-0.17295603454113007
-0.16251465678215027
-0.16787195205688477
-0.1271098256111145
-0.1232304498553276
-0.12565532326698303
-0.16665300726890564
-0.15491105616092682
-0.1598372608423233
-0.11443140357732773
-0.1661461591720581
-0.18264323472976685
-0.20451292395591736
-0.17578719556331635
-0.1704089343547821
-0.1653824895620346
-0.1411980390548706
-0.2056148499250412
-0.17993591725826263
-0.1708618551492691
-0.16782276332378387
-0.1709369570016861
-0.1577029973268509
-0.14223718643188477
-0.12609469890594482
-0.12848083674907684
-0.16384245455265045
-0.16024504601955414
-0.15064172446727753
-0.15283134579658508
-0.12300103157758713
-0.12786954641342163
-0.13138440251350403
-0.1342436671257019
-0.1603916734457016
-0.12677884101867676
-0.12487079203128815
-0.12573853135108948
-0.12384720146656036
-0.14391301572322845
-0.1658884584903717
-0.1686641126871109
-0.16671860218048096
-0.14082776010036469
-0.11084338277578354
-0.1071348711848259
-0.10048335045576096
-0.09760285168886185
-0.09819686412811279
-0.08554509282112122
-0.05973292142152786
-0.058038510382175446
-0.08873160928487778
-0.12131345272064209
-0.12516720592975616
-0.11002393066883087
-0.09503378719091415
-0.0941135361790657
-0.09930655360221863
-0.1616966277360916
-0.16000325977802277
-0.16061212122440338
-0.1664065271615982
-0.1556101143360138
-0.13611634075641632
-0.10249344259500504
-0.11476525664329529
-0.124891497194767
-0.11424966901540756
-0.10734247416257858
-0.09886708855628967
-0.09698393940925598
