-0.05676731839776039
-0.054114170372486115
-0.04938933625817299
-0.04495921730995178
-0.03933929279446602
-0.02902032807469368
-0.013775653205811977
-0.0034898826852440834
0.0025129772257059813
0.006238940171897411
0.005885302554816008
0.002765953540802002
-0.0022618495859205723
-0.009633614681661129
-0.01464681327342987
-0.017871269956231117
-0.02689722552895546
-0.03182464838027954
-0.034136638045310974
-0.03160615637898445
-0.031090272590517998
-0.027997849509119987
-0.027706630527973175
-0.026294052600860596
-0.02743704244494438
-0.02931794710457325
-0.035743825137615204
-0.0447327084839344
-0.06076071038842201
-0.08235576748847961
-0.0911470502614975
-0.09783279150724411
-0.10012707114219666
-0.10136660188436508
-0.11558233946561813
-0.12168360501527786
-0.13291504979133606
-0.14581292867660522
-0.16125373542308807
-0.17539337277412415
-0.1852826029062271
-0.19299468398094177
-0.20448927581310272
-0.2087019383907318
-0.2220006287097931
-0.24068506062030792
-0.25022628903388977
-0.2533857226371765
-0.26582884788513184
-0.2691837251186371
-0.2685445249080658
-0.2654781937599182
-0.268866628408432
-0.2737049460411072
-0.2761618196964264
-0.27856191992759705
-0.2837560176849365
-0.28749895095825195
-0.29564791917800903
-0.3075432777404785
-0.3110663592815399
-0.30878978967666626
-0.3091636300086975
-0.3057287037372589
-0.31132373213768005
-0.3111542761325836
-0.3071909546852112
-0.29842573404312134
-0.29240313172340393
-0.29179641604423523
-0.29014334082603455
-0.28466472029685974
-0.28048884868621826
-0.2761676013469696
-0.27654528617858887
-0.2729121744632721
-0.27126097679138184
-0.2760661542415619
-0.27524039149284363
-0.27305594086647034
-0.26463720202445984
-0.2551153302192688
-0.24383960664272308
-0.22865556180477142
-0.22709345817565918
-0.22021743655204773
-0.2161770462989807
-0.20888669788837433
-0.21051976084709167
-0.20791086554527283
-0.20589087903499603
-0.20497097074985504
-0.20790430903434753
-0.21124912798404694
-0.21318329870700836
-0.21344828605651855
-0.21879233419895172
-0.22376441955566406
-0.22957903146743774
-0.23285049200057983
-0.2368534356355667
-0.24223507940769196
-0.23964041471481323
-0.24185533821582794
-0.24157820641994476
-0.24284979701042175
-0.24897314608097076
-0.25284746289253235
-0.2595332860946655
-0.2621298134326935
-0.26804304122924805
-0.2776223123073578
-0.2776743769645691
-0.281505286693573
-0.28725433349609375
-0.289806604385376
-0.2932254374027252
-0.29562658071517944
-0.29758700728416443
-0.3049285113811493
-0.308525025844574
-0.31207963824272156
-0.31505271792411804
-0.31618058681488037
-0.31723278760910034
-0.3151264488697052
-0.31198015809059143
-0.3081175684928894
-0.30424779653549194
-0.30685192346572876
-0.30410531163215637
-0.3055165112018585
-0.30076584219932556
-0.29730069637298584
-0.29933658242225647
-0.2934900224208832
-0.2908250689506531
-0.2955703139305115
-0.2944847047328949
-0.30047181248664856
-0.3031710684299469
-0.29974713921546936
-0.29538294672966003
-0.28103259205818176
-0.2776440382003784
-0.26981833577156067
-0.2574012279510498
-0.24413658678531647
