-0.0203927010298
0.00575514649972
0.0201566256583
0.0293589197099
0.0371557064354
0.0393149033189
0.0377779640257
0.0347636975348
0.0307608731091
0.0264895558357
0.0227785818279
0.0192936044186
0.0160247385502
0.0130237005651
0.011503495276
0.011662947014
0.0121055822819
0.0123053025454
0.0132232420146
0.0142062790692
0.0142450854182
0.0145538635552
0.0151566769928
0.0175439342856
0.0185399241745
0.0176333952695
0.0155095346272
0.0128927379847
0.00920888409019
0.00580223882571
0.0014890958555
-0.00250183488242
-0.0044720955193
-0.0049855299294
-0.00464222207665
-0.00460661808029
-0.00737689714879
-0.0132515989244
-0.0214890614152
-0.028064828366
-0.030742418021
-0.0317461490631
-0.0332395024598
-0.0369733609259
-0.0417053513229
-0.0475180894136
-0.0537515170872
-0.0609457045794
-0.0665790215135
-0.0701888948679
-0.0728517472744
-0.0758685022593
-0.079589061439
-0.0851136445999
-0.0912261232734
-0.0989223495126
-0.107891872525
-0.118610329926
-0.126570180058
-0.133065730333
-0.138566628098
-0.143890559673
-0.148889392614
-0.153580889106
-0.156964451075
-0.158945709467
-0.161224842072
-0.164760962129
-0.167770728469
-0.172696471214
-0.178458541632
-0.18544152379
-0.194101691246
-0.203220292926
-0.21348297596
-0.223005518317
-0.231081813574
-0.237428948283
-0.241195812821
-0.243533074856
-0.242736667395
-0.241709560156
-0.240646317601
-0.24021859467
-0.243406027555
-0.251884013414
-0.265116363764
-0.274910241365
-0.279634892941
-0.279075145721
-0.276733875275
-0.270605325699
-0.264120548964
-0.259640425444
-0.255379587412
-0.251957058907
-0.247655183077
-0.246046662331
-0.248720109463
-0.256953895092
-0.274137705564
-0.289753675461
-0.296248883009
-0.299506902695
-0.297438561916
-0.290705293417
-0.282044172287
-0.277933090925
-0.27605137229
-0.273835271597
-0.274366527796
-0.278244882822
-0.284363597631
-0.293341368437
-0.304962068796
-0.320322483778
-0.32705539465
-0.326665252447
-0.320676386356
-0.312600135803
-0.303424745798
-0.293997317553
-0.283961802721
-0.275948405266
-0.269699841738
-0.265314161777
-0.262857913971
-0.260122299194
-0.25760447979
-0.255209803581
-0.252694487572
-0.251220107079
-0.252930313349
-0.255407631397
-0.258261442184
-0.258947938681
-0.257786780596
-0.25547477603
-0.251837342978
-0.247391849756
-0.242866367102
-0.236937746406
-0.229273974895
-0.223039388657
-0.217745095491
-0.213864594698
-0.210011377931
-0.206821769476
