0
-9.701e-17
-1.1993e-16
-3.6015e-17
-3.5863e-17
-2.0946e-17
-1.7326e-17
-8.1725e-17
-8.1309e-18
-1.0677e-16
-2.2721e-16
-2.5718e-16
9.6549e-18
-5.8668e-17
-7.1756e-17
-9.0717e-17
2.6194e-17
0.00037643
0.0010173
0.0019879
0.003173
0.0045742
0.0060885
0.0080845
0.010754
0.013947
0.017588
0.021492
0.025568
0.029763
0.03446
0.039565
0.044833
0.050186
0.055383
0.060355
0.065221
0.070573
0.075596
0.080728
0.085353
0.089764
0.093531
0.097735
0.10158
0.10541
0.10879
0.11191
0.11442
0.11686
0.11942
0.12169
0.12389
0.12565
0.12716
0.12805
0.12941
0.13052
0.13175
0.13258
0.13334
0.13357
0.13387
0.13422
0.13467
0.13497
0.1352
0.13512
0.13482
0.13449
0.13461
0.13449
0.13461
0.13434
0.13407
0.13332
0.13324
0.13298
0.13304
0.13284
0.13268
0.13212
0.13156
0.13146
0.13127
0.13135
0.13114
0.13098
0.13035
0.13016
0.12993
0.13004
0.12997
0.12998
0.12965
0.12923
0.12892
0.129
0.12903
0.12923
0.12926
0.12921
0.12904
0.1293
0.12964
0.13016
0.13047
0.13069
0.13048
0.13056
0.13078
0.13106
0.1312
0.1312
0.13085
0.13036
0.13039
0.13024
0.13039
0.13021
0.13011
0.1295
0.12875
0.1274
0.12572
0.12341
0.12072
0.11743
0.11377
0.10964
0.10518
0.10039
0.095382
0.090174
0.084839
0.079426
0.073989
0.068579
0.06324
