0.020280469208955765
-0.0012691359734162688
-0.0012691359734162688
-0.014880125410854816
-0.009897845797240734
-0.0012691359734162688
-0.023838654160499573
-0.02484039217233658
-0.05414314195513725
-0.04994669556617737
-0.021265599876642227
-0.0012691359734162688
0.0061914655379951
0.019973210990428925
0.017923593521118164
0.01865539140999317
-0.0012691359734162688
-0.0012691359734162688
0.0006408628541976213
0.019108645617961884
0.016770359128713608
0.014530838467180729
0.01015947200357914
-0.0012691359734162688
0.010226303711533546
0.03296935185790062
-0.0012691359734162688
-0.0012691359734162688
-0.0012691359734162688
-0.0012691359734162688
-0.014823098666965961
-0.0012691359734162688
0.05795254185795784
0.057267434895038605
0.017762441188097
-0.01570814847946167
-0.01622421108186245
0.017225593328475952
0.013053732924163342
0.01584503799676895
-0.0012691359734162688
-0.0012691359734162688
-0.0012691359734162688
-0.0012691359734162688
0.09102604538202286
0.002732466673478484
-0.0012691359734162688
-0.006593447644263506
-0.0012691359734162688
-0.0012691359734162688
-0.0012691359734162688
-0.0012691359734162688
-0.0012691359734162688
0.019435366615653038
0.01812286674976349
-0.0012691359734162688
-0.0012691359734162688
-0.013009446673095226
-0.01658114418387413
0.018352074548602104
0.08137102425098419
0.09930375218391418
0.16663657128810883
0.10594859719276428
0.07696574181318283
0.0816534087061882
0.018327055498957634
-0.03785179182887077
-0.02991504967212677
-0.021601960062980652
0.01855134777724743
0.06611543148756027
0.05468939617276192
0.019151341170072556
0.016118107363581657
0.026885703206062317
0.09061412513256073
0.07693532109260559
0.0444214902818203
0.004896633327007294
-0.0012691359734162688
0.018108287826180458
0.025360211730003357
0.058919068425893784
0.08832971751689911
0.06028742343187332
0.0060487170703709126
-0.008301212452352047
-0.0012691359734162688
-0.0012691359734162688
-0.014605618081986904
-0.0012691359734162688
-0.0012691359734162688
0.017356539145112038
0.018467698246240616
0.02432197704911232
0.041011612862348557
0.018141763284802437
-0.008927379734814167
-0.0012691359734162688
-0.013118483126163483
-0.012197138741612434
-0.0012691359734162688
-0.0012691359734162688
0.006322342436760664
-0.0012691359734162688
-0.0012691359734162688
0.0023831408470869064
-0.0012691359734162688
-0.0012691359734162688
0.009442823939025402
0.01029677502810955
0.009889124892652035
-0.0012691359734162688
-0.0012691359734162688
-0.0012691359734162688
-0.0012691359734162688
-0.0012691359734162688
0.006738985888659954
0.004896636586636305
-0.0012691359734162688
-0.0012691359734162688
0.006567374803125858
0.006520272232592106
-0.0012691359734162688
0.010981989093124866
0.02982630580663681
0.04186510667204857
0.014743070118129253
0.019535228610038757
0.02644602209329605
0.0324779711663723
0.017229359596967697
0.03027425706386566
0.023714691400527954
0.014783569611608982
0.011832846328616142
0.009806957095861435
0.0038624738808721304
