0.11711084097623825
0.11936046183109283
0.1180286630988121
0.11755239963531494
0.1193566769361496
0.12323405593633652
0.12752920389175415
0.12758655846118927
0.1277320384979248
0.128468856215477
0.12360513210296631
0.12150713056325912
0.11532167345285416
0.11969442665576935
0.12402096390724182
0.1241617426276207
0.12991540133953094
0.13394595682621002
0.13428080081939697
0.1325475424528122
0.13002362847328186
0.1282758116722107
0.1330227255821228
0.13888099789619446
0.14441916346549988
0.14804531633853912
0.1509820818901062
0.1465090662240982
0.1418473869562149
0.14278239011764526
0.14771702885627747
0.15404890477657318
0.15746963024139404
0.16416700184345245
0.16564229130744934
0.16403430700302124
0.16177856922149658
0.1557510495185852
0.15757714211940765
0.1607758104801178
0.16710077226161957
0.1768883764743805
0.18229487538337708
0.18506720662117004
0.18704712390899658
0.1820008009672165
0.1825723499059677
0.17888577282428741
0.17900842428207397
0.17902076244354248
0.18159006536006927
0.1891084760427475
0.192945197224617
0.19379368424415588
0.1960388422012329
0.19850841164588928
0.2000339776277542
0.19994620978832245
0.20413106679916382
0.20323364436626434
0.20448927581310272
0.20305168628692627
0.20367473363876343
0.20604068040847778
0.20777463912963867
0.2066289186477661
0.2042922079563141
0.20005516707897186
0.19924868643283844
0.1972600221633911
0.19590233266353607
0.19932562112808228
0.2052353173494339
0.2060573846101761
0.20831356942653656
0.20779204368591309
0.2030016928911209
0.1980583667755127
0.19519782066345215
0.1946278065443039
0.18903473019599915
0.18606878817081451
0.1926557570695877
0.19436615705490112
0.20194578170776367
0.20883315801620483
0.2080211043357849
0.20975428819656372
0.2089514583349228
0.20504166185855865
0.20154447853565216
0.19675831496715546
0.19784967601299286
0.19533760845661163
0.20881466567516327
0.20648647844791412
0.20566412806510925
0.20750485360622406
0.19903908669948578
0.19251595437526703
0.18513734638690948
0.17139999568462372
0.1731218695640564
0.18177086114883423
0.18337631225585938
0.1867978423833847
0.18135853111743927
0.18169990181922913
0.1822308450937271
0.18042448163032532
0.17972475290298462
0.17376276850700378
0.1718127578496933
0.17597559094429016
0.18947966396808624
0.18711096048355103
0.19142276048660278
0.18860983848571777
0.1763414889574051
0.16787317395210266
0.16137966513633728
0.1607828438282013
0.16570089757442474
0.17407627403736115
0.17467418313026428
0.17415228486061096
0.16233322024345398
0.1504184901714325
0.144318625330925
0.1421150118112564
0.13636307418346405
0.1325807124376297
0.14472174644470215
0.1521695852279663
0.1481342911720276
0.14470656216144562
0.135194331407547
0.12878677248954773
0.12416146695613861
