0.014702744782
0.0164218824357
0.026359854266
0.0317200571299
0.0341155454516
0.0341856479645
0.0331741683185
0.0307840257883
0.0277815125883
0.023933134973
0.0196977239102
0.0164219345897
0.0130802094936
0.0124246254563
0.0123864039779
0.0121713858098
0.0131048224866
0.0153492446989
0.0169492643327
0.0167041737586
0.0150664839894
0.0134277418256
0.0143355224282
0.0153352003545
0.0172286555171
0.0192636866122
0.0213268473744
0.0219383332878
0.0214698445052
0.0220175050199
0.0232990309596
0.0256260354072
0.0292410925031
0.0322166420519
0.0351412929595
0.0366452373564
0.0368781089783
0.0358886346221
0.0350098088384
0.0357904992998
0.0373760424554
0.0404399037361
0.0426335185766
0.045884359628
0.047380566597
0.0474693849683
0.0469528138638
0.0475267730653
0.0492087006569
0.051561191678
0.0537828169763
0.0566202774644
0.0594594478607
0.0618366673589
0.0643312633038
0.0667115002871
0.0691932886839
0.0710288137197
0.0730962902308
0.0744956433773
0.0736129879951
0.0741423517466
0.0733960717916
0.0719411224127
0.072464056313
0.0733174830675
0.0727835744619
0.0722288563848
0.0728728026152
0.0740697160363
0.0755128785968
0.0771285071969
0.0785407349467
0.0797075331211
0.0803549662232
0.0795959308743
0.0798268541694
0.0793018564582
0.0808616578579
0.0828388035297
0.0850325599313
0.0870900824666
0.0888195261359
0.089566424489
0.0893201306462
0.0883278250694
0.0881190299988
0.0901235342026
0.0932785645127
0.0962503701448
0.0988705307245
0.100382618606
0.100862428546
0.100593820214
0.0976855233312
0.0926214307547
0.0897639319301
0.087587364018
0.0868965014815
0.0869514122605
0.0871797055006
0.0881991535425
0.088500469923
0.0880890116096
0.0870316699147
0.0851441845298
0.0829091668129
0.0815265923738
0.0819933265448
0.0832015499473
0.086351826787
0.0896113440394
0.0909704118967
0.0907012447715
0.0900662541389
0.0895611867309
0.0894129574299
0.0895066559315
0.0902303531766
0.0906554758549
0.0918951183558
0.0943226292729
0.0957439467311
0.0951780229807
0.0931651592255
0.0902800038457
0.0873089507222
0.0863285511732
0.0879818126559
0.0907524824142
0.0942845717072
0.0972519665956
0.0993128865957
0.100500650704
0.100943088531
0.100998394191
0.0993815138936
0.0960677117109
0.0920468196273
