0
0
0
-3.8701e-17
-2.5062e-17
-7.6299e-17
-3.1433e-16
-2.414e-16
-1.009e-16
-6.9208e-17
-1.4351e-17
2.7628e-17
2.9945e-17
2.7067e-17
-2.1039e-16
-1.491e-16
4.8095e-18
2.9979e-18
6.2152e-18
9.7316e-18
-8.1484e-17
9.1793e-18
2.9966e-16
1.849e-16
-0.00014265
-0.00065991
-0.0015348
-0.0027151
-0.0041682
-0.005891
-0.0082872
-0.011714
-0.01556
-0.02013
-0.024839
-0.030088
-0.036327
-0.042889
-0.049936
-0.056933
-0.063951
-0.071408
-0.0791
-0.086801
-0.094377
-0.10157
-0.1086
-0.11577
-0.12273
-0.12946
-0.13573
-0.14156
-0.14726
-0.15283
-0.15811
-0.163
-0.16749
-0.17145
-0.1754
-0.17913
-0.18253
-0.18568
-0.18813
-0.19038
-0.19286
-0.19487
-0.19696
-0.19828
-0.19925
-0.20062
-0.2017
-0.20282
-0.20354
-0.20399
-0.20428
-0.20481
-0.20521
-0.20558
-0.20559
-0.20528
-0.2052
-0.20524
-0.20527
-0.20519
-0.20481
-0.20433
-0.20406
-0.20395
-0.20376
-0.20349
-0.20289
-0.20218
-0.20213
-0.20181
-0.20177
-0.2013
-0.20076
-0.20025
-0.20025
-0.2001
-0.20021
-0.19997
-0.19965
-0.19996
-0.20026
-0.20075
-0.20094
-0.20092
-0.20104
-0.20135
-0.20164
-0.20174
-0.20152
-0.20081
-0.19955
-0.1976
-0.19496
-0.19158
-0.18749
-0.18272
-0.17734
-0.17138
-0.16494
-0.15808
-0.15089
-0.14344
-0.13581
-0.12807
-0.12027
-0.11248
-0.10479
-0.097227
-0.089839
-0.08266
-0.075721
-0.069043
-0.062644
-0.056539
