0.007692504674196243
0.010765263810753822
-0.0012691359734162688
-0.0012691359734162688
-0.0012691359734162688
0.010295778512954712
0.014796547591686249
0.013515028171241283
0.010333159007132053
0.005639014299958944
-0.0012691359734162688
-0.0012691359734162688
-0.0012691359734162688
-0.0012691359734162688
-0.017971888184547424
-0.0012691359734162688
0.015042121522128582
0.012278972193598747
-0.0012691359734162688
-0.0012691359734162688
-0.0012691359734162688
-0.0012691359734162688
-0.0012691359734162688
-0.003776667872443795
-0.0012691359734162688
-0.0012691359734162688
-0.0012691359734162688
-0.0012691359734162688
-0.0012691359734162688
-0.0012691359734162688
-0.0012691359734162688
-0.0012691359734162688
-0.0012691359734162688
-0.0012691359734162688
-0.0012691359734162688
-0.0012691359734162688
-0.0012691359734162688
-0.0012691359734162688
-0.0012691359734162688
-0.0012691359734162688
-0.0012691359734162688
-0.0012691359734162688
-0.003107810625806451
-0.0051003568805754185
-0.007943249307572842
-0.006750773638486862
-0.0061880601570010185
-0.011613314971327782
-0.01245193276554346
-0.023069841787219048
-0.019388478249311447
-0.024922993034124374
-0.03857613727450371
-0.05172284319996834
-0.054124679416418076
-0.050055306404829025
-0.035626400262117386
-0.053237710148096085
-0.05777369439601898
-0.05659552291035652
-0.05127575248479843
-0.047823529690504074
-0.055086057633161545
-0.05639512836933136
-0.05881355330348015
-0.05806616321206093
-0.054409198462963104
-0.05255353823304176
-0.05367753654718399
-0.05656452849507332
-0.05208396539092064
-0.05513271689414978
-0.05580103024840355
-0.056318871676921844
-0.07306370139122009
-0.07710624486207962
-0.0787086933851242
-0.08385036885738373
-0.07954181730747223
-0.07397625595331192
-0.06998544186353683
-0.06337137520313263
-0.05989581719040871
-0.05811936780810356
-0.05568090081214905
-0.04711329564452171
-0.04741960018873215
-0.06929381191730499
-0.06920202076435089
-0.07592741400003433
-0.07014747709035873
-0.08257298171520233
-0.09374301880598068
-0.10816887021064758
-0.11157430708408356
-0.10463101416826248
-0.10426459461450577
-0.10484061390161514
-0.08731479942798615
-0.08247929811477661
-0.08687809854745865
-0.08500223606824875
-0.09033557772636414
-0.07686961442232132
-0.06857085227966309
-0.08590222895145416
-0.08853930979967117
-0.08942366391420364
-0.09369298815727234
-0.08999212831258774
-0.08528000861406326
-0.08436337113380432
-0.08457044512033463
-0.08873587846755981
-0.0939599797129631
-0.08822325617074966
-0.09235087037086487
-0.08997094631195068
-0.08377399295568466
-0.08359333127737045
-0.07360544800758362
-0.08718892931938171
-0.09002963453531265
-0.08486597239971161
-0.07977505028247833
-0.0782402977347374
-0.07643715292215347
-0.06613495200872421
-0.07552583515644073
-0.07339727133512497
-0.06540720164775848
-0.055056553333997726
-0.05285419896245003
-0.03693718835711479
-0.029037756845355034
-0.02273228019475937
-0.017481910064816475
-0.013276240788400173
