0.6819644570350647
0.6837520599365234
0.6806821227073669
0.6742260456085205
0.6715719699859619
0.6660734415054321
0.6471804976463318
0.6327385902404785
0.6224997639656067
0.6137871146202087
0.6063160300254822
0.5970644950866699
0.5902232527732849
0.5746519565582275
0.5552414655685425
0.5383251905441284
0.5205499529838562
0.4921523630619049
0.46279197931289673
0.43089205026626587
0.40199995040893555
0.3643483519554138
0.32771962881088257
0.29292869567871094
0.2598106861114502
0.23237881064414978
0.20659509301185608
0.17589737474918365
0.14225181937217712
0.11076190322637558
0.08581838011741638
0.056525472551584244
0.027859555557370186
-0.004244559444487095
-0.02665054053068161
-0.05417894944548607
-0.07752658426761627
-0.10072203725576401
-0.12415158748626709
-0.1501334011554718
-0.1879415512084961
-0.21449565887451172
-0.23742793500423431
-0.23351538181304932
-0.2286805361509323
-0.2329617440700531
-0.25435179471969604
-0.290049284696579
-0.3442894220352173
-0.3710815906524658
-0.3877893090248108
-0.39276811480522156
-0.39937835931777954
-0.40194830298423767
-0.4046780467033386
-0.4053288400173187
-0.3930855691432953
-0.3973897695541382
-0.4050767123699188
-0.4166144132614136
-0.41031888127326965
-0.42256641387939453
-0.42457684874534607
-0.4279942810535431
-0.4211573600769043
-0.41901224851608276
-0.4173371195793152
-0.414556086063385
-0.4199954867362976
-0.42434659600257874
-0.4311119019985199
-0.45085781812667847
-0.4757159352302551
-0.4931339621543884
-0.506140947341919
-0.5154032707214355
-0.5123873353004456
-0.5046636462211609
-0.4815292954444885
-0.4580012857913971
-0.44281408190727234
-0.4236333668231964
-0.41567492485046387
-0.41129058599472046
-0.40520399808883667
-0.40742677450180054
-0.4015594720840454
-0.40574851632118225
-0.40071287751197815
-0.3908171057701111
-0.377731055021286
-0.3667180836200714
-0.3544811010360718
-0.34213709831237793
-0.33003029227256775
-0.32218125462532043
-0.3179134428501129
-0.3112190365791321
-0.29939401149749756
-0.2864421308040619
-0.2657109498977661
-0.24336889386177063
-0.21894130110740662
-0.20128731429576874
-0.18496403098106384
-0.17651335895061493
-0.17759808897972107
-0.18966872990131378
-0.20938348770141602
-0.2187594771385193
-0.22510451078414917
-0.2176624834537506
-0.21001535654067993
-0.19665876030921936
-0.18067345023155212
-0.16072776913642883
-0.14526697993278503
-0.12417180836200714
-0.11508353799581528
-0.12198974192142487
-0.12218452244997025
-0.11225032061338425
-0.10613062232732773
-0.0988873615860939
-0.0879366546869278
-0.07766149938106537
-0.06274962425231934
-0.050828251987695694
-0.04153325781226158
-0.029961854219436646
-0.021261055022478104
-0.021981310099363327
-0.019391419366002083
-0.014225921593606472
-0.01702273078262806
-0.017934203147888184
-0.021208109334111214
-0.02122306637465954
