-0.0253941584378
0.00836516544223
0.0256207603961
0.0377792343497
0.0482168272138
0.0545093342662
0.0549889169633
0.0543130300939
0.0510784834623
0.0483825989068
0.0459449142218
0.0442142188549
0.0423567667603
0.0414043366909
0.0406648404896
0.0390471890569
0.0376332066953
0.0366301462054
0.0357679240406
0.0352995209396
0.0343528017402
0.0319504104555
0.0301937907934
0.0278652943671
0.0257464516908
0.0231699626893
0.0211339909583
0.018790518865
0.0176392346621
0.0175790563226
0.017789458856
0.0173611752689
0.0159290712327
0.0144519526511
0.0127574205399
0.0119242891669
0.0131625905633
0.0133206937462
0.0112740509212
0.00895597599447
0.00607636710629
0.00361481914297
0.00290046073496
0.00306317256764
0.0036956355907
0.00287907430902
0.000629351474345
-0.00102764321491
-0.00254494766705
-0.00604516500607
-0.00965300388634
-0.0131858382374
-0.0163032151759
-0.0184569787234
-0.0185262281448
-0.0189449973404
-0.0207329057157
-0.022840924561
-0.0270101632923
-0.0287228319794
-0.0273837782443
-0.0256952978671
-0.0226786974818
-0.0191507097334
-0.0172035098076
-0.0171845071018
-0.0184039082378
-0.0214952453971
-0.0261532533914
-0.0322525538504
-0.0393943935633
-0.0425028987229
-0.0435234345496
-0.0433635860682
-0.0417723841965
-0.0406199321151
-0.040185816586
-0.0416202247143
-0.0444150008261
-0.0478542409837
-0.0509589314461
-0.0524335131049
-0.051905144006
-0.0502220652997
-0.0492184385657
-0.0484403967857
-0.0491697862744
-0.0522034801543
-0.0555625520647
-0.0578893646598
-0.0595308020711
-0.0620767064393
-0.0658078864217
-0.0701558068395
-0.0730058699846
-0.0745645090938
-0.0768798589706
-0.0788300707936
-0.0798044577241
-0.0797443687916
-0.0773439630866
-0.075666218996
-0.0725475028157
-0.0684336423874
-0.062630623579
-0.0566585473716
-0.0510495975614
-0.0460070520639
-0.0409904271364
-0.0370560139418
-0.034351374954
-0.0334696546197
-0.0359867960215
-0.0411727428436
-0.0473365560174
-0.0521644428372
-0.0556190572679
-0.0586712732911
-0.0614910908043
-0.0643176585436
-0.0671752840281
-0.0681619495153
-0.0671238005161
-0.0653409734368
-0.0614943094552
-0.056978598237
-0.0536320470273
-0.0505914464593
-0.0490862540901
-0.0484219640493
-0.0472560040653
-0.0448212735355
-0.0415767170489
-0.0395591966808
-0.0371128842235
-0.0329402163625
-0.0277851521969
-0.0221385862678
