0
-9.701e-17
-1.1993e-16
-3.6015e-17
-3.5863e-17
-2.0946e-17
-1.7326e-17
-8.1725e-17
-8.1309e-18
-1.0677e-16
-2.2721e-16
-2.5718e-16
9.6549e-18
-5.8668e-17
-7.1756e-17
-9.0717e-17
2.6194e-17
0.00033879
0.0009156
0.0017891
0.0028558
0.0042318
0.0063064
0.0090441
0.01224
0.015862
0.019884
0.024632
0.029848
0.035406
0.041059
0.046834
0.053224
0.059533
0.066037
0.07212
0.078201
0.084559
0.090617
0.096529
0.1019
0.10724
0.11248
0.11745
0.12197
0.12603
0.12996
0.13381
0.13726
0.14039
0.14299
0.14541
0.14803
0.15012
0.15207
0.15338
0.15487
0.15626
0.1575
0.15837
0.15893
0.1596
0.16023
0.16073
0.16099
0.16098
0.161
0.16123
0.1612
0.16118
0.16073
0.16055
0.16043
0.16031
0.16002
0.15951
0.15923
0.15901
0.15884
0.15851
0.15801
0.15752
0.15745
0.15714
0.15698
0.15637
0.15613
0.15591
0.15584
0.15559
0.15523
0.15492
0.15485
0.15476
0.15465
0.15428
0.15347
0.15223
0.15044
0.14815
0.14528
0.14191
0.13798
