0.01998773030936718
0.028525695204734802
0.014948074705898762
0.015263412147760391
0.014398197643458843
0.016787581145763397
0.0174036156386137
0.01590217836201191
0.014511779882013798
0.01505547109991312
0.016632379963994026
0.006618489045649767
0.0026014000177383423
0.012387212365865707
0.013071393594145775
0.016397295519709587
0.016950154677033424
0.015162969008088112
-0.0012691359734162688
0.01185773964971304
0.016112899407744408
0.012815337628126144
0.018046000972390175
0.016421619802713394
0.010381154716014862
0.01289401575922966
0.011400709860026836
0.011495960876345634
0.013829558156430721
-0.0012691359734162688
0.012608454562723637
-0.0012691359734162688
-0.0012691359734162688
-0.0012691359734162688
-0.0012691359734162688
0.008139116689562798
-0.0004985512932762504
0.005381816532462835
0.009767514653503895
0.013179183937609196
0.014571771956980228
0.017425525933504105
0.01610693149268627
0.01520655956119299
0.014599937945604324
0.02491563931107521
0.062128737568855286
0.08198915421962738
0.06664848327636719
0.07883238792419434
0.07598152756690979
0.0913965031504631
0.09175986796617508
0.10199271887540817
0.06608592718839645
0.054286736994981766
0.05223521590232849
0.05414101108908653
0.07641487568616867
0.07902409136295319
0.06424275040626526
0.06555670499801636
0.065331369638443
0.056707702577114105
0.03611619770526886
0.0298534594476223
0.0328446589410305
0.0398755744099617
0.037542909383773804
0.04679075628519058
0.051205992698669434
0.04008836671710014
0.026979854330420494
0.027491969987750053
0.026373717933893204
0.02497524954378605
0.018441319465637207
0.0303004402667284
0.026775645092129707
0.028466390445828438
0.029436295852065086
0.0654083862900734
0.10194660723209381
0.03880449756979942
0.031668588519096375
0.033924710005521774
0.0654560774564743
0.06791163980960846
0.05038494989275932
0.034956131130456924
0.026870738714933395
0.016241304576396942
0.02711613103747368
0.020438821986317635
0.02323785610496998
0.023396335542201996
0.05835025757551193
0.054521843791007996
0.03955545648932457
0.037229232490062714
0.026383941993117332
0.024372056126594543
0.025476614013314247
