0.031857047230005264
0.04205317795276642
0.05029720440506935
0.05593661218881607
0.0549766831099987
0.05702590569853783
0.06075765937566757
0.06238178908824921
0.05762966349720955
0.0624711737036705
0.06775271147489548
0.07291289418935776
0.09150354564189911
0.1024438813328743
0.0937415361404419
0.08382497727870941
0.0762079730629921
0.06765101104974747
0.06317180395126343
0.06402704864740372
0.06800954043865204
0.08064085990190506
0.0852990373969078
0.09013530611991882
0.0932946652173996
0.09270293265581131
0.09072546660900116
0.08657612651586533
0.07928600162267685
0.07660827785730362
0.07211665064096451
0.06941364705562592
0.06729413568973541
0.06453743577003479
0.05364418774843216
0.0508551187813282
0.04771125316619873
0.048813898116350174
0.055928222835063934
0.05463425815105438
0.05484187602996826
0.05680512264370918
0.05053389072418213
0.05353084206581116
0.055165912955999374
0.058506324887275696
0.06742477416992188
0.06969494372606277
0.07363416254520416
0.08087097853422165
0.08869205415248871
0.0902833417057991
0.091477170586586
0.08789364248514175
0.0885791927576065
0.08779329806566238
0.08967483788728714
0.09259236603975296
0.0894196406006813
0.0914371982216835
0.10227689892053604
0.10691949725151062
0.10846397280693054
0.11359872668981552
0.11092063784599304
0.11041677743196487
0.10860655456781387
0.10883840918540955
0.10978459566831589
0.10968272387981415
0.11516819149255753
0.12245772033929825
0.12786835432052612
0.133187398314476
0.13896256685256958
0.1458897441625595
0.14689446985721588
0.14357885718345642
0.14221760630607605
0.13359026610851288
0.1275510936975479
0.12616561353206635
0.12173515558242798
0.11855998635292053
0.1148570328950882
0.11721127480268478
0.11627236753702164
0.11913583427667618
0.11873147636651993
0.11358484625816345
0.10809212923049927
0.10640133172273636
0.09980650246143341
0.09592166543006897
0.094082772731781
0.09584245085716248
0.09328851103782654
0.09233324974775314
0.08676110953092575
0.08316352963447571
0.08324342966079712
0.07934202253818512
0.09069596230983734
