0.00646586017683
0.00443176599219
0.00817411020398
0.00754319364205
0.00702460901812
0.00549604604021
0.000279829371721
-0.00568796368316
-0.0108130304143
-0.0131881628186
-0.0141435097903
-0.012792231515
-0.00936501100659
-0.00549167953432
0.000833611935377
0.00184980826452
0.00256713246927
0.00423921598122
0.0085103418678
0.012215975672
0.0164257250726
0.0177422147244
0.0149640254676
0.0117793269455
0.0107165481895
0.0115592386574
0.0141706243157
0.018098929897
0.022860718891
0.023294268176
0.0221004877239
0.0207508541644
0.021248921752
0.0217629112303
0.0241820923984
0.0318236276507
0.0467838458717
0.0556211620569
0.0595015957952
0.0595684722066
0.0582988709211
0.0566049329937
0.0546864494681
0.0547820962965
0.0556912906468
0.0533012039959
0.0507715754211
0.0506579838693
0.0523294657469
0.0534297153354
0.0569895505905
0.0606947019696
0.0652447342873
0.0675922259688
0.0730466917157
0.0813116058707
0.0931210368872
0.102907717228
0.111262001097
0.116268344223
0.119211658835
0.118877403438
0.11815238744
0.1200498119
0.127147600055
0.133010432124
0.137590378523
0.14141240716
0.143662139773
0.145288750529
0.150868996978
0.159359961748
0.164801493287
0.167733088136
0.167673587799
0.162484630942
0.156678661704
0.152553081512
0.148549184203
0.143792375922
0.138497516513
0.133515715599
0.129575118423
0.124636910856
0.120109066367
0.111873865128
0.103128284216
0.0957708209753
0.0915048718452
0.088924087584
0.0902919471264
0.0917129144073
0.0926195755601
0.0934627056122
0.0939518734813
0.0969932973385
0.0969612821937
0.0948299318552
0.09022757411
0.0877011194825
0.0860727876425
0.0848224386573
0.0853338837624
