0
-9.701e-17
-1.1993e-16
-3.6015e-17
-3.5863e-17
-2.0946e-17
-1.7326e-17
-8.1725e-17
-8.1309e-18
-1.0677e-16
-2.2721e-16
-2.5718e-16
9.6549e-18
-5.8668e-17
-7.1756e-17
-9.0717e-17
2.6194e-17
-3.2039e-17
-1.2367e-16
-1.9662e-16
1.1656e-17
-1.3942e-16
1.3439e-17
1.5948e-17
-3.8196e-17
-7.8956e-17
5.2875e-16
2.9988e-16
2.9683e-16
2.8603e-16
2.6921e-16
2.5293e-16
2.4087e-16
2.3418e-16
2.3226e-16
2.3358e-16
2.3649e-16
2.3966e-16
2.4232e-16
2.4416e-16
-4.8514e-17
-2.8822e-16
-4.7682e-17
-4.1534e-17
-2.6477e-17
-2.498e-16
4.1544e-18
1.1862e-17
-2.7643e-16
2.0041e-17
1.8858e-17
1.9117e-17
1.8967e-17
1.6075e-17
1.1224e-17
5.9389e-18
1.4729e-18
-1.5127e-18
-2.9335e-18
-3.1024e-18
-2.5037e-18
-1.6049e-18
-7.4468e-19
-1.0212e-19
2.7804e-19
4.3397e-19
4.3669e-19
3.5577e-19
2.4344e-19
1.3242e-19
4.0227e-20
-2.5464e-20
-6.3143e-20
-3.0294e-16
-3.0321e-16
-3.027e-16
-2.9707e-16
-2.8589e-16
-2.7262e-16
-2.6074e-16
-2.5233e-16
-2.4792e-16
-2.4691e-16
-2.4813e-16
5.5513e-17
5.3387e-17
5.0879e-17
4.3846e-17
3.1781e-17
1.8013e-17
5.8905e-18
-2.6043e-18
-7.0222e-18
-8.0338e-18
-6.8404e-18
-4.6612e-18
-2.4193e-18
-6.3845e-19
5.0539e-19
1.062e-18
1.1833e-18
1.0359e-18
