0.020255859941244125
-0.0012691359734162688
-0.0012691359734162688
-0.0012691359734162688
-0.0012691359734162688
-0.0012691359734162688
-0.030331289395689964
-0.005556805990636349
-0.007581236772239208
-0.0027234775479882956
-0.0045408993028104305
-0.007083339150995016
-0.0012691359734162688
-0.0012691359734162688
-0.0012691359734162688
-0.0012691359734162688
-0.0012691359734162688
-0.0012691359734162688
-0.0012691359734162688
-0.0012691359734162688
0.012190733104944229
0.011413373984396458
0.01339495275169611
0.017639951780438423
0.023447155952453613
-0.0012691359734162688
0.03257068246603012
0.026337215676903725
-0.0012691359734162688
-0.0012691359734162688
-0.0012691359734162688
-0.0012691359734162688
-0.0012691359734162688
-0.0012691359734162688
-0.0012691359734162688
-0.02920352853834629
-0.027267994359135628
-0.012767188251018524
-0.0012691359734162688
-0.0012691359734162688
-0.0012691359734162688
-0.0012691359734162688
-0.0012691359734162688
-0.0012691359734162688
-0.0012691359734162688
-0.0012691359734162688
0.006665593944489956
-0.0012691359734162688
-0.028883909806609154
-0.024865061044692993
-0.03727181628346443
-0.029510198161005974
-0.02853979915380478
-0.06261194497346878
-0.07670209556818008
-0.07610784471035004
-0.07842214405536652
-0.059200458228588104
-0.026782464236021042
-0.0012691359734162688
0.012312020175158978
-0.0012691359734162688
-0.0012691359734162688
-0.015840044245123863
-0.0012691359734162688
-0.0012691359734162688
0.01432576309889555
0.014800848439335823
0.01310433354228735
0.00921647623181343
0.016693079844117165
0.039094772189855576
0.01933857798576355
0.017792727798223495
0.017991147935390472
0.01760091632604599
0.01871613971889019
0.017855556681752205
0.010406392626464367
0.009854460135102272
0.011615725234150887
0.0159830953925848
0.034300513565540314
0.029472939670085907
0.03003595396876335
0.03095829486846924
0.015950733795762062
0.014719788916409016
0.014662396162748337
0.030877752229571342
0.030022552236914635
0.016373304650187492
0.01504515204578638
0.01352022122591734
0.026809489354491234
0.01873554103076458
0.008237745612859726
0.021774329245090485
0.02326950989663601
0.013184319250285625
0.013938631862401962
0.014176548458635807
