-0.10273220390081406
-0.10356762260198593
-0.10226555913686752
-0.10021746903657913
-0.09750208258628845
-0.09470278769731522
-0.09063062816858292
-0.09127333015203476
-0.09004224091768265
-0.09127417206764221
-0.09061408042907715
-0.08904746919870377
-0.08438735455274582
-0.07820624858140945
-0.07324712723493576
-0.070876345038414
-0.07054313272237778
-0.07056114077568054
-0.06914821267127991
-0.06817804276943207
-0.06680972874164581
-0.06607496738433838
-0.06403230130672455
-0.06311293691396713
-0.06350690871477127
-0.06451835483312607
-0.06892377138137817
-0.07351477444171906
-0.07668251544237137
-0.07756288349628448
-0.0787450522184372
-0.07923559099435806
-0.07649672031402588
-0.0731014758348465
-0.06929851323366165
-0.06695929169654846
-0.06208765134215355
-0.05622987449169159
-0.04902791231870651
-0.044661760330200195
-0.04332972317934036
-0.04176913946866989
-0.04074007272720337
-0.04035336524248123
-0.0405455157160759
-0.03650098666548729
-0.032963771373033524
-0.032533515244722366
-0.03272315114736557
-0.03380490466952324
-0.03440720587968826
-0.033774152398109436
-0.0337192676961422
-0.03657239302992821
-0.03568650037050247
-0.03497779741883278
-0.03495128080248833
-0.034825216978788376
-0.03162999823689461
-0.030892282724380493
-0.03156400844454765
-0.03621900454163551
-0.045772187411785126
-0.06235261261463165
-0.09035420417785645
-0.10585929453372955
-0.1108647957444191
-0.10745929181575775
-0.10098905116319656
-0.08948109298944473
-0.08219937235116959
-0.07315724343061447
-0.0676998421549797
-0.06805145740509033
-0.06700482219457626
-0.06934152543544769
-0.06741323322057724
-0.06446973234415054
-0.0647878423333168
-0.060941971838474274
-0.062789186835289
-0.059116821736097336
-0.04989304021000862
-0.04099719598889351
-0.03698372095823288
-0.048426881432533264
-0.05282745510339737
-0.05177564546465874
-0.0542004369199276
-0.06974615156650543
-0.08418824523687363
-0.10049982368946075
-0.12340061366558075
-0.12833139300346375
-0.1305546909570694
-0.12313788384199142
-0.11453603208065033
-0.10647980868816376
-0.09659875929355621
-0.08515478670597076
-0.06989844888448715
-0.05987254157662392
