-0.0375297144055
-0.0285126436502
-0.0306041389704
-0.0377590991557
-0.0394005104899
-0.0383713766932
-0.0358647368848
-0.0321999005973
-0.0283168461174
-0.0269186682999
-0.0262732878327
-0.024905288592
-0.0237026493996
-0.0218725930899
-0.0195813439786
-0.0174537505955
-0.0161761473864
-0.0165529251099
-0.0190222412348
-0.0198570583016
-0.0236304271966
-0.0282593090087
-0.0307675991207
-0.0356578417122
-0.0444147773087
-0.0502873025835
-0.0470631048083
-0.041561037302
-0.0343540422618
-0.0295122656971
-0.0264616385102
-0.0243377238512
-0.0243265815079
-0.0258706621826
-0.030569318682
-0.0348135046661
-0.0362439565361
-0.035648830235
-0.0342520326376
-0.0321598947048
-0.0303062628955
-0.0283347908407
-0.0274169873446
-0.0273680835962
-0.0276960339397
-0.0277241040021
-0.0258707143366
-0.0262178257108
-0.0245317816734
-0.0219774693251
-0.0202032849193
-0.0194147080183
-0.0190249104053
-0.0177983045578
-0.016390895471
-0.0157190915197
-0.014525545761
-0.0126491226256
-0.00926352851093
-0.00625882903114
-0.00178287411109
0.00321899587288
0.0072903088294
0.0116835124791
0.0163094941527
0.0203707609326
0.024883909151
0.0303867906332
0.0355624891818
0.0405103079975
0.0450377054513
0.0505811609328
0.0515816174448
0.0521496608853
0.054442808032
0.0564496703446
0.0584140717983
0.0602920651436
0.0614977329969
0.0631853714585
0.0646131411195
0.0655402764678
0.0667326077819
0.0684152916074
0.0685486420989
0.0669457912445
0.0660175308585
0.0638536661863
0.0611029267311
0.0592463314533
0.0579105839133
0.055764503777
0.054698612541
0.0543443784118
0.0548476055264
0.0562061704695
0.0584717467427
0.0631606727839
0.0658026486635
0.0660546347499
0.0662878081203
0.0670046433806
