0
-9.0781e-17
-1.8783e-16
-2.5065e-16
-9.8677e-17
-2.0709e-16
-1.7157e-16
-2.3759e-16
-1.7621e-16
-2.1089e-16
-2.09e-16
-2.3183e-16
-2.0863e-16
-6.1297e-17
-6.0864e-17
-1.1883e-16
-1.8867e-16
-6.5082e-17
-6.6763e-17
-7.4044e-17
-1.4972e-16
-1.287e-16
-1.8075e-16
-1.7655e-16
-1.7969e-16
-1.1484e-16
-1.9632e-16
-2.6827e-16
1.125e-17
-3.7033e-16
-3.233e-17
-3.2381e-17
-1.5209e-16
-9.6041e-17
-1.0977e-16
-2.8413e-16
-6.8344e-17
-4.1361e-17
4.1229e-18
-5.2426e-17
-2.122e-16
-5.3272e-17
-1.428e-16
5.4151e-18
5.4739e-18
-5.3479e-17
-4.0059e-17
4.9728e-18
-1.9022e-16
2.6639e-18
1.5218e-18
1.1073e-18
-1.8025e-16
-1.4679e-16
-1.4658e-16
2.4595e-18
-2.9954e-17
5.7101e-18
7.1679e-18
-1.4077e-16
-1.4151e-16
-1.4321e-16
4.6418e-16
5.5495e-16
4.6308e-16
4.6144e-16
4.5642e-16
5.4015e-16
4.3914e-16
4.3033e-16
5.1497e-16
4.19e-16
4.1806e-16
-4.0857e-17
-1.8539e-16
-3.1719e-17
-1.7276e-16
-1.4449e-17
-1.5171e-16
7.306e-18
-1.328e-16
2.0499e-17
2.1514e-17
7.0623e-16
4.7489e-16
5.8013e-16
4.5803e-16
4.4573e-16
5.676e-16
-3.8711e-17
-4.5951e-17
-2.6665e-16
-4.5617e-17
-1.8427e-16
-1.6918e-16
-3.5084e-18
1.2709e-17
-1.2309e-16
3.2081e-17
3.2282e-17
-3.6593e-05
-0.00025251
-0.00050481
-0.00075651
-0.0010055
-0.0012481
-0.0015669
-0.0019868
-0.0023973
-0.0027887
-0.0031591
-0.003507
-0.0039598
-0.0044333
-0.0048849
-0.0053155
-0.005725
-0.0061437
-0.0066308
-0.0071106
-0.0075672
-0.0079997
-0.0084069
-0.0088389
-0.0092973
-0.0097299
-0.010136
-0.010976
-0.011834
-0.012727
-0.013606
-0.014449
-0.015367
-0.016526
-0.017649
-0.018745
-0.019781
-0.020749
-0.021862
-0.023035
-0.024161
-0.02524
-0.026256
-0.027209
-0.028363
-0.029463
-0.030513
-0.031501
-0.032423
-0.033343
-0.034334
-0.03526
-0.036152
-0.037281
-0.03851
-0.039773
-0.041026
-0.04223
-0.043392
-0.044805
-0.046155
-0.047516
-0.048785
-0.049956
-0.051163
-0.052477
-0.053718
-0.054911
-0.056016
-0.057048
-0.058155
-0.059268
-0.060316
-0.06129
-0.062177
-0.063003
-0.063904
-0.064737
-0.065494
-0.06639
-0.067479
-0.068541
-0.069624
-0.070734
-0.071684
-0.072794
-0.073934
-0.075031
-0.076063
-0.076987
-0.077876
-0.07888
-0.079833
-0.080739
-0.081559
-0.082286
-0.083025
-0.08384
-0.084575
-0.085245
-0.085826
-0.086322
-0.086855
-0.087371
-0.087805
-0.088257
-0.088956
-0.089663
-0.090389
-0.091095
-0.091801
-0.092475
-0.093276
-0.094025
-0.094742
-0.095356
-0.095865
-0.096492
-0.09713
-0.097707
-0.098221
-0.098645
-0.099011
-0.099482
-0.099917
-0.10029
-0.10058
-0.10079
-0.10097
-0.10119
-0.10135
-0.10143
-0.10173
-0.10214
-0.10256
-0.10297
-0.10346
-0.10372
-0.10425
-0.10474
-0.10521
-0.1056
-0.1059
-0.10614
-0.10656
-0.10691
-0.10721
-0.10744
-0.10758
-0.10774
-0.10798
-0.10816
-0.10827
-0.1083
-0.10826
-0.10826
-0.10825
-0.10817
-0.10808
-0.10828
-0.10847
-0.10873
-0.10893
-0.10919
-0.10935
-0.10971
-0.11001
-0.1103
-0.11049
-0.11059
-0.11075
-0.111
-0.11117
-0.11131
-0.11136
-0.11135
-0.11142
-0.1115
-0.11153
-0.11149
-0.11138
-0.11121
-0.11111
-0.11097
-0.11076
-0.11063
-0.11076
-0.11085
-0.111
-0.11121
-0.11123
-0.11138
-0.11163
-0.11184
-0.11202
-0.1121
-0.11212
-0.11225
-0.11239
-0.11249
-0.11254
-0.1125
-0.11244
-0.11246
-0.11247
-0.11243
-0.11232
-0.11213
-0.11192
-0.11177
-0.11156
-0.11129
-0.11095
-0.11054
-0.11012
-0.10973
-0.10941
-0.1089
-0.10835
-0.10774
-0.10713
-0.10652
-0.10586
-0.10515
-0.10439
-0.10359
-0.10279
-0.10197
-0.10111
-0.10022
-0.099299
-0.098349
-0.097391
-0.096411
-0.095404
-0.094372
-0.093315
-0.092238
-0.091146
-0.090036
-0.088909
-0.087765
-0.086607
-0.085462
-0.08431
-0.083117
-0.081915
-0.080706
-0.079491
-0.078269
-0.077043
-0.075814
-0.074583
-0.073351
-0.07212
-0.070891
-0.069664
-0.06844
-0.067221
-0.066006
-0.064796
-0.063592
-0.062394
-0.061203
-0.060019
-0.058842
-0.057674
-0.056515
-0.055365
-0.054225
-0.053095
-0.051977
-0.050869
-0.049774
-0.048689
-0.047617
-0.046557
-0.04551
-0.044474
-0.043452
-0.042442
-0.041446
-0.040463
-0.039493
-0.038537
-0.037595
-0.036667
-0.035752
-0.034851
-0.033965
-0.033092
-0.032234
-0.031389
-0.030559
-0.029742
-0.02894
-0.028151
-0.027376
-0.026616
-0.025869
-0.025135
-0.024416
-0.02371
-0.023018
-0.022339
-0.021674
-0.021022
-0.020383
-0.019757
-0.019144
-0.018543
-0.017956
-0.017381
-0.016818
-0.016268
-0.015729
-0.015203
-0.014689
-0.014187
-0.013696
-0.013216
-0.012748
-0.012291
-0.011844
-0.011409
-0.010984
-0.01057
-0.010166
-0.0097725
-0.0093888
-0.009015
-0.0086509
-0.0082963
-0.0079511
-0.0076151
-0.0072883
-0.0069703
-0.006661
-0.0063604
-0.0060681
-0.0057842
-0.0055084
-0.0052405
-0.0049804
-0.004728
-0.0044832
-0.0042456
-0.0040153
-0.0037921
-0.0035758
-0.0033662
-0.0031633
-0.0029668
-0.0027767
-0.0025928
-0.002415
-0.0022431
-0.002077
-0.0019166
-0.0017617
-0.0016122
-0.001468
-0.0013289
-0.0011949
-0.0010658
-0.00094149
-0.00082184
-0.00070674
-0.00059609
-0.00048976
-0.00038764
-0.00028963
-0.00019562
-0.00010549
-1.9158e-05
6.3492e-05
0.00014256
0.00021813
0.00029032
0.00035922
