0.020280469208955765
-0.0012691359734162688
-0.0012691359734162688
-0.0012691359734162688
-0.0012691359734162688
-0.0012691359734162688
0.008007921278476715
-0.0012691359734162688
-0.0012691359734162688
-0.0012691359734162688
-0.0012691359734162688
0.00986221432685852
0.00843888521194458
-0.0012691359734162688
0.012126499786973
0.008430510759353638
0.009960649535059929
0.008304883725941181
0.00873337872326374
0.008936338126659393
0.013492323458194733
0.012043071910738945
0.008803107775747776
0.006239531096071005
0.007833748124539852
0.003105296054854989
0.0071928659453988075
0.004804529715329409
0.01068852934986353
0.012817531824111938
0.006652290932834148
-0.0012691359734162688
-0.0012691359734162688
-0.0012691359734162688
0.011529604904353619
0.011031031608581543
0.0029407090041786432
0.0048738629557192326
-0.0012691359734162688
0.0010310396319255233
0.0060327486135065556
0.00781193096190691
0.0004210537299513817
0.0024298466742038727
0.005460368003696203
0.009238381870090961
0.010572947561740875
0.013433494605123997
0.009316576644778252
-0.0012691359734162688
0.01104550901800394
0.011421791277825832
0.009162145666778088
0.013130140490829945
0.010914811864495277
0.013070648536086082
0.010634806007146835
0.009375514462590218
0.008058994077146053
0.009866811335086823
0.00929601676762104
0.007874289527535439
0.006264484953135252
0.005497075151652098
0.0061329687014222145
0.00477860402315855
0.004023517947643995
0.005685631651431322
0.0012441043509170413
0.009686197154223919
0.0070635853335261345
-0.0012691359734162688
0.0035904126707464457
0.0029719017911702394
0.003464121138677001
0.004211784340441227
0.0031296813394874334
0.005066988989710808
0.006543162744492292
0.008343420922756195
0.005594692658632994
0.003329870058223605
0.006918300874531269
0.00413654837757349
0.0037475989665836096
0.005929667968302965
0.0020021405071020126
0.002121666679158807
0.004519133362919092
0.00865534320473671
0.0070828222669661045
0.01091085933148861
0.008385826833546162
0.006776468362659216
0.00698174349963665
0.008485081605613232
0.008432857692241669
0.013975122943520546
0.011275876313447952
0.005407178308814764
0.009248518384993076
-0.0012691359734162688
-0.0012691359734162688
-0.0012691359734162688
-0.0012691359734162688
-0.0012691359734162688
0.003931236453354359
0.00036508298944681883
-0.0012691359734162688
0.00873497873544693
0.0051279631443321705
-0.0012691359734162688
-0.0012691359734162688
-0.0012691359734162688
-0.0012691359734162688
-0.0012691359734162688
-0.0012691359734162688
0.003117460524663329
-0.0012691359734162688
-0.0012691359734162688
-0.0012691359734162688
-0.0012691359734162688
-0.0012691359734162688
-0.0012691359734162688
-0.0012691359734162688
0.007213073782622814
-0.0012691359734162688
-0.0012691359734162688
-0.0012691359734162688
-0.0012691359734162688
-0.0012691359734162688
-0.0012691359734162688
-0.0012691359734162688
-0.0012691359734162688
-0.0012691359734162688
-0.0012691359734162688
-0.0012691359734162688
-0.0012691359734162688
-0.0012691359734162688
-0.0012691359734162688
-0.0012691359734162688
-0.0012691359734162688
-0.0012691359734162688
-0.0012691359734162688
-0.0012691359734162688
-0.0012691359734162688
-0.0012691359734162688
-0.0012691359734162688
-0.0012691359734162688
-0.0012691359734162688
-0.0012691359734162688
-0.0012691359734162688
-0.0012691359734162688
-0.0012691359734162688
-0.0012691359734162688
-0.0012691359734162688
-0.0012691359734162688
-0.0012691359734162688
-0.0012691359734162688
-0.0012691359734162688
-0.0012691359734162688
-0.0012691359734162688
-0.0012691359734162688
-0.0012691359734162688
-0.0012691359734162688
-0.0012691359734162688
-0.0012691359734162688
-0.0012691359734162688
-0.0012691359734162688
-0.0012691359734162688
-0.0012691359734162688
-0.0012691359734162688
-0.0012691359734162688
-0.0012691359734162688
-0.0012691359734162688
-0.0012691359734162688
-0.0012691359734162688
-0.0012691359734162688
-0.0012691359734162688
-0.0012691359734162688
-0.0012691359734162688
-0.0012691359734162688
-0.0012691359734162688
-0.0012691359734162688
-0.0012691359734162688
-0.0012691359734162688
-0.0012691359734162688
-0.0012691359734162688
-0.0012691359734162688
-0.0012691359734162688
-0.0012691359734162688
-0.0012691359734162688
-0.0012691359734162688
-0.0012691359734162688
-0.0012691359734162688
-0.0012691359734162688
-0.005170123651623726
-0.0044508869759738445
-0.010724999010562897
-0.00997819285839796
-0.0012691359734162688
-0.00409085676074028
-0.0012691359734162688
-0.005417529493570328
-0.0012691359734162688
-0.0012691359734162688
-0.0012691359734162688
-0.005791571456938982
-0.006453912705183029
-0.0050526331178843975
-0.007371414452791214
-0.005121922120451927
-0.0012691359734162688
-0.0012691359734162688
-0.0012691359734162688
-0.0071966503746807575
-0.006082385778427124
-0.0012691359734162688
-0.0012691359734162688
-0.0012691359734162688
-0.0012691359734162688
-0.0012691359734162688
-0.004565055947750807
-0.007384164724498987
-0.007318409159779549
-0.007491975091397762
-0.007370310369879007
-0.005729801952838898
-0.01015402376651764
-0.0012691359734162688
-0.00863378681242466
-0.008091156370937824
-0.008323787711560726
-0.010255691595375538
-0.010660689324140549
-0.010332697071135044
-0.0012691359734162688
-0.0012691359734162688
-0.013030774891376495
-0.009663266129791737
-0.0012691359734162688
-0.008497468195855618
-0.008994084782898426
-0.011477320455014706
-0.011944040656089783
-0.012020678259432316
-0.0012691359734162688
-0.012106473557651043
-0.008029976859688759
-0.007386837620288134
-0.011180740781128407
-0.012520886957645416
-0.0012691359734162688
-0.0012691359734162688
-0.0012691359734162688
-0.012393156066536903
-0.01353757455945015
-0.01446393970400095
-0.015617585740983486
-0.01447033230215311
-0.016177255660295486
-0.012343991547822952
-0.009841076098382473
-0.013016912154853344
-0.012930872850120068
-0.0012691359734162688
-0.011866500601172447
-0.012191127985715866
-0.012492233887314796
-0.012813899666070938
-0.012507733888924122
-0.008098838850855827
-0.011255467310547829
-0.012565847486257553
-0.011930713430047035
-0.008947707712650299
-0.01073304284363985
-0.012732611037790775
-0.011480743996798992
-0.011405485682189465
-0.01227785274386406
-0.012599366717040539
-0.013637947849929333
-0.013115206733345985
-0.01373828575015068
-0.01376547571271658
-0.012350899167358875
-0.012638573534786701
-0.013647551648318768
-0.013322116807103157
-0.01287452969700098
-0.012995641678571701
-0.014210601337254047
-0.013211552053689957
-0.013476193882524967
-0.013526025228202343
-0.019239110872149467
-0.021481743082404137
-0.019586727023124695
-0.0206129290163517
-0.022394876927137375
-0.015950139611959457
-0.009427492506802082
-0.018672391772270203
-0.019859880208969116
-0.017725182697176933
-0.01970362477004528
-0.02050844207406044
-0.021254418417811394
-0.018941204994916916
-0.020513880997896194
-0.020227108150720596
-0.018890880048274994
-0.018490150570869446
-0.015574226155877113
-0.015178975649178028
-0.013384497724473476
-0.01597398705780506
-0.011527265422046185
-0.017788320779800415
-0.01680651307106018
-0.016548864543437958
-0.012041060253977776
-0.012369292788207531
-0.015308178029954433
-0.012455754913389683
-0.014851734973490238
-0.01525209005922079
-0.00736978417262435
-0.013492748141288757
-0.013036863878369331
-0.013180729933083057
-0.01336609572172165
-0.012914209626615047
-0.013362623751163483
-0.01261077169328928
-0.012685517780482769
-0.012424757704138756
-0.012309995479881763
-0.011149937286973
-0.01232612133026123
-0.01183607429265976
-0.010763982310891151
-0.011840659193694592
-0.0012691359734162688
-0.0012691359734162688
-0.012089841067790985
-0.0012691359734162688
-0.009861014783382416
-0.009941263124346733
-0.006724060047417879
-0.00650698971003294
-0.007174670696258545
-0.006951595190912485
-0.006371696945279837
-0.005404844414442778
-0.0012691359734162688
-0.0012691359734162688
-0.0012691359734162688
-0.0012691359734162688
-0.00314851151779294
-0.0012691359734162688
-0.00335585605353117
-0.004537368658930063
-0.0012691359734162688
-0.0019910919945687056
-0.0038807508535683155
-0.004439148120582104
-0.005264136474579573
-0.004781953990459442
-0.0012691359734162688
-0.0012691359734162688
-0.0012691359734162688
-0.0012691359734162688
-0.0012691359734162688
-0.0012691359734162688
-0.0012691359734162688
-0.0012691359734162688
-0.0012691359734162688
-0.0012691359734162688
-0.0012691359734162688
-0.0012691359734162688
-0.0012691359734162688
-0.0012691359734162688
-0.0012691359734162688
-0.0012691359734162688
-0.0012691359734162688
-0.0012691359734162688
-0.0012691359734162688
-0.0012691359734162688
-0.0012691359734162688
-0.0012691359734162688
-0.0012691359734162688
-0.0012691359734162688
-0.0012691359734162688
-0.0012691359734162688
-0.0012691359734162688
-0.0012691359734162688
-0.0012691359734162688
-0.0012691359734162688
-0.0012691359734162688
-0.0012691359734162688
-0.0012691359734162688
-0.0012691359734162688
-0.0012691359734162688
-0.0012691359734162688
-0.0012691359734162688
-0.0012691359734162688
-0.0012691359734162688
-0.0012691359734162688
-0.0012691359734162688
-0.0012691359734162688
-0.0012691359734162688
-0.0012691359734162688
-0.0012691359734162688
-0.0012691359734162688
-0.0012691359734162688
-0.0012691359734162688
0.009675866924226284
0.004797543864697218
-0.0012691359734162688
-0.0012691359734162688
-0.0012691359734162688
-0.0012691359734162688
-0.0012691359734162688
-0.0012691359734162688
-0.0012691359734162688
-0.0012691359734162688
-0.0012691359734162688
-0.0012691359734162688
-0.0012691359734162688
-0.0012691359734162688
-0.0012691359734162688
-0.0012691359734162688
-0.0012691359734162688
-0.0012691359734162688
-0.0012691359734162688
-0.0012691359734162688
-0.0012691359734162688
-0.0012691359734162688
-0.0012691359734162688
-0.0012691359734162688
-0.0012691359734162688
-0.0012691359734162688
-0.0012691359734162688
-0.0012691359734162688
-0.0012691359734162688
-0.0012691359734162688
-0.0012691359734162688
-0.0012691359734162688
-0.0012691359734162688
-0.0012691359734162688
-0.0012691359734162688
-0.0012691359734162688
-0.0012691359734162688
-0.0012691359734162688
-0.0012691359734162688
-0.0012691359734162688
0.002518255962058902
0.0003808485344052315
4.9909111112356186e-05
0.0002980645513162017
0.002502324990928173
0.0009209077688865364
-0.0012691359734162688
-0.0009311886387877166
-0.0012691359734162688
-0.0012691359734162688
-0.0012691359734162688
-0.0012691359734162688
-0.0012691359734162688
-0.0012691359734162688
-0.0012691359734162688
0.0009032124071381986
-0.00021703308448195457
-0.0012691359734162688
-0.0012691359734162688
-0.0012691359734162688
-0.00020733685232698917
0.001700451597571373
