-0.03193778544664383
-0.032826367765665054
-0.03425529971718788
-0.035188037902116776
-0.03728232905268669
-0.038287293165922165
-0.04025830328464508
-0.04276904836297035
-0.04580005630850792
-0.04939867556095123
-0.05083421617746353
-0.05355421453714371
-0.05582583695650101
-0.058304037898778915
-0.06087874621152878
-0.0648270696401596
-0.06822135299444199
-0.07269959896802902
-0.0798257365822792
-0.08542012423276901
-0.09132295101881027
-0.09490308910608292
-0.09627029299736023
-0.1010531336069107
-0.10712963342666626
-0.1133255586028099
-0.1206853985786438
-0.1255730837583542
-0.13044074177742004
-0.13388164341449738
-0.14209555089473724
-0.145058274269104
-0.14783073961734772
-0.14844809472560883
-0.15074536204338074
-0.15027566254138947
-0.14937497675418854
-0.1431630700826645
-0.13442696630954742
-0.12516377866268158
-0.11839210987091064
-0.10947708785533905
-0.1025572121143341
-0.09344758838415146
-0.08507296442985535
-0.07723378390073776
-0.07487262785434723
-0.07325504720211029
-0.07327079027891159
-0.07312116771936417
-0.07135416567325592
-0.07115039974451065
-0.07005742937326431
-0.06944067031145096
-0.06816358119249344
-0.06617868691682816
-0.06767299771308899
-0.07163406908512115
-0.07655572891235352
-0.08301538974046707
-0.08984705805778503
-0.09665843099355698
-0.10031317174434662
-0.10648161917924881
-0.10832313448190689
-0.11386513710021973
-0.11804615706205368
-0.12394803762435913
-0.13046197593212128
-0.13453054428100586
-0.1369333416223526
-0.13628104329109192
-0.1351984441280365
-0.1315404623746872
-0.12591552734375
-0.12108386307954788
-0.1135747879743576
-0.10992089658975601
-0.10649967193603516
-0.10316383093595505
-0.10083677619695663
-0.09608373790979385
-0.09169286489486694
-0.0887688621878624
-0.08387679606676102
-0.08274221420288086
-0.07927893102169037
-0.07747238874435425
-0.07788626104593277
-0.07714130729436874
-0.07689832150936127
-0.07945761829614639
-0.0811760276556015
-0.08265196532011032
-0.08363284170627594
-0.08492575585842133
-0.08693431317806244
-0.09068173915147781
-0.095784030854702
-0.10444469004869461
-0.10978832840919495
-0.10932005941867828
-0.10862124711275101
-0.10428647696971893
-0.10222995281219482
-0.09649395197629929
-0.0894463062286377
-0.08503466099500656
-0.07870154082775116
-0.0726836547255516
-0.07001020759344101
-0.06458249688148499
-0.06160174310207367
-0.056986574083566666
-0.05360792204737663
-0.05196703225374222
-0.05158160254359245
-0.05139206722378731
-0.052412498742341995
-0.050811588764190674
-0.05178742855787277
-0.052364230155944824
-0.053375933319330215
-0.053701795637607574
-0.05965143442153931
-0.06693471968173981
-0.0745348334312439
-0.0793335810303688
-0.08834387362003326
-0.09810177236795425
-0.10865087062120438
-0.11615925282239914
-0.12558284401893616
-0.13419219851493835
-0.14257755875587463
-0.14979030191898346
-0.15811972320079803
-0.1590387374162674
-0.16993476450443268
-0.18255911767482758
-0.1926141232252121
-0.19708681106567383
-0.20107501745224
-0.2037097066640854
-0.20264394581317902
-0.19627033174037933
-0.1917862743139267
-0.18385940790176392
-0.17608588933944702
-0.1672946810722351
-0.1573600172996521
-0.1465619057416916
-0.1365453004837036
-0.1259029656648636
-0.11923813074827194
-0.11251487582921982
-0.10719668120145798
-0.10475917905569077
-0.10476894676685333
-0.10500213503837585
-0.10526572912931442
-0.10648946464061737
-0.1049923449754715
-0.10405287891626358
-0.1086389571428299
-0.11442649364471436
-0.12354017049074173
-0.13649165630340576
-0.1482444852590561
-0.15837393701076508
-0.16864217817783356
-0.18103235960006714
-0.1936284899711609
-0.2045389711856842
-0.21443895995616913
-0.22496023774147034
-0.23399792611598969
-0.24145087599754333
-0.24703256785869598
-0.2524266242980957
-0.2519785761833191
-0.24837332963943481
-0.2450336515903473
-0.23703239858150482
-0.23316508531570435
-0.22577953338623047
-0.22073446214199066
-0.21307694911956787
-0.2064637392759323
-0.19720903038978577
-0.18718871474266052
-0.18049503862857819
-0.17789486050605774
-0.17449602484703064
-0.17177438735961914
-0.1698099970817566
-0.16890999674797058
-0.16878606379032135
-0.1660558432340622
-0.16342012584209442
-0.16381222009658813
-0.16140814125537872
-0.16123077273368835
-0.1630171239376068
-0.16025856137275696
-0.16117233037948608
-0.1627342402935028
-0.1647859513759613
-0.17176379263401031
-0.18265317380428314
-0.19404077529907227
-0.20445317029953003
-0.2107398360967636
-0.2133350819349289
-0.2181958258152008
-0.2201850265264511
-0.2223251610994339
-0.22490854561328888
-0.22692246735095978
-0.23043590784072876
-0.2340337634086609
-0.22999615967273712
-0.22568167746067047
-0.22438330948352814
-0.2224458009004593
-0.22079508006572723
-0.2123195379972458
-0.2051449716091156
-0.203365758061409
-0.20106543600559235
-0.19741183519363403
-0.1922454833984375
-0.19168660044670105
-0.19016015529632568
-0.1891125738620758
-0.18455901741981506
-0.18093813955783844
-0.17552581429481506
-0.17216293513774872
-0.16877105832099915
-0.1657532900571823
-0.1633959263563156
-0.16388657689094543
-0.16628317534923553
-0.1682761311531067
-0.16981437802314758
-0.17061635851860046
-0.16972477734088898
-0.16987167298793793
-0.16799572110176086
-0.168925940990448
-0.17072410881519318
-0.16920028626918793
-0.16730253398418427
-0.16744640469551086
-0.17202357947826385
-0.17907948791980743
-0.1873570680618286
-0.19430595636367798
-0.19697439670562744
-0.19969698786735535
-0.20330160856246948
-0.20145747065544128
-0.2077939510345459
-0.20472340285778046
-0.20145229995250702
-0.19788065552711487
-0.19378964602947235
-0.19571396708488464
-0.19538095593452454
-0.1949472725391388
-0.19452747702598572
-0.19264845550060272
-0.19127747416496277
-0.18918529152870178
-0.18633438646793365
-0.18276332318782806
-0.18349707126617432
-0.17777922749519348
-0.17484410107135773
-0.1707606315612793
-0.16956721246242523
-0.171336829662323
-0.1721409410238266
-0.1745016872882843
-0.17611004412174225
-0.17662833631038666
-0.175294890999794
-0.1719834804534912
-0.16874538362026215
-0.1666126847267151
-0.16527937352657318
-0.16422735154628754
-0.16718906164169312
-0.170693039894104
-0.16994114220142365
-0.17367947101593018
-0.1741160750389099
-0.1762503981590271
-0.1791633516550064
-0.17797833681106567
-0.17759859561920166
-0.17406851053237915
-0.1775352656841278
-0.1765812486410141
-0.1722462922334671
-0.17186684906482697
-0.1684827208518982
-0.1652408242225647
-0.15843357145786285
-0.15064115822315216
-0.1445414274930954
-0.13875064253807068
-0.13443471491336823
-0.12982983887195587
-0.12870462238788605
-0.1265953928232193
-0.1256370097398758
-0.12383880466222763
-0.12105096131563187
-0.11964454501867294
-0.11882898956537247
-0.11875684559345245
-0.11692506074905396
-0.11709290742874146
-0.11714426428079605
-0.11343778669834137
-0.11223942041397095
-0.11110401898622513
-0.11046967655420303
-0.11034590750932693
-0.11023736000061035
-0.11226508021354675
-0.11291960626840591
-0.11517828702926636
-0.11462811380624771
-0.11394977569580078
-0.11315947771072388
-0.11290501803159714
-0.1144130527973175
-0.11476700007915497
-0.11752331256866455
-0.12074488401412964
-0.12317446619272232
-0.12448029220104218
-0.12511877715587616
-0.1245255172252655
-0.12380369007587433
-0.12262768298387527
-0.12297212332487106
-0.1230514869093895
-0.12362248450517654
-0.12006692588329315
-0.11570769548416138
-0.10936696082353592
-0.10334882885217667
-0.10037686675786972
-0.09619535505771637
-0.09440460801124573
-0.09087052196264267
-0.08735671639442444
-0.08494777977466583
-0.0817396342754364
-0.07746849954128265
-0.07381092756986618
-0.07199355214834213
-0.06990748643875122
-0.0704801008105278
-0.06931449472904205
-0.07067506015300751
-0.07221970707178116
-0.07063306868076324
-0.07106474786996841
-0.07263601571321487
-0.0742325633764267
-0.07766637206077576
-0.0802600309252739
-0.08051102608442307
-0.08188853412866592
-0.08457449078559875
-0.08538532257080078
-0.08659204840660095
-0.09000436216592789
-0.09517516940832138
-0.0965128168463707
-0.09725423902273178
-0.09811004251241684
-0.09933529794216156
-0.09950629621744156
-0.09884613752365112
-0.09644652903079987
-0.09433736652135849
-0.09270583093166351
-0.09112515300512314
-0.08425762504339218
-0.07856551557779312
-0.07257550209760666
-0.06913299113512039
-0.06698247790336609
-0.06687553226947784
-0.06658077239990234
-0.06784579902887344
-0.06843584775924683
-0.06950222700834274
-0.07093332707881927
-0.06902053952217102
-0.0690215602517128
-0.0696188360452652
-0.07072778046131134
-0.07337529957294464
-0.0749286487698555
-0.07491806149482727
-0.07305048406124115
-0.07380819320678711
-0.07488474249839783
-0.07657142728567123
-0.07882910966873169
-0.07927490770816803
-0.08088435977697372
-0.0811324343085289
-0.08107070624828339
-0.0806744322180748
-0.08136805146932602
-0.08208838105201721
-0.08590958267450333
-0.08994361013174057
-0.0921211764216423
-0.0944753959774971
-0.09552481025457382
-0.0993569865822792
-0.10221448540687561
-0.10332740098237991
-0.10151650011539459
-0.09806769341230392
-0.09489964693784714
-0.09015654772520065
-0.08577345311641693
-0.0816185250878334
-0.07727254927158356
-0.07317932695150375
-0.06901218742132187
-0.06477160006761551
-0.060495298355817795
-0.057650744915008545
-0.05596126988530159
-0.05480671674013138
-0.054067209362983704
-0.056224796921014786
-0.05690803378820419
-0.058949556201696396
-0.06224973499774933
-0.062426548451185226
-0.06195347383618355
-0.06301435828208923
-0.06296602636575699
-0.06495851278305054
-0.06916499882936478
-0.0729113519191742
-0.07551755756139755
-0.07756155729293823
-0.07823927700519562
-0.07888934761285782
-0.07712645083665848
-0.07370857149362564
-0.06989938765764236
-0.06629867106676102
-0.06320296227931976
-0.06060975417494774
-0.059696827083826065
-0.06031769514083862
-0.06345759332180023
-0.06672234833240509
-0.07032765448093414
-0.07297549396753311
-0.0764794796705246
-0.08041825145483017
-0.08466891944408417
-0.08621925860643387
-0.08643609285354614
-0.08528170734643936
