-0.0126280728728
-0.0140277948231
-0.0149461962283
-0.0164942387491
-0.0172067526728
-0.017079109326
-0.0175312552601
-0.0188988316804
-0.0198901705444
-0.0226551648229
-0.0252252295613
-0.0279007181525
-0.0307535808533
-0.0322007983923
-0.0330713689327
-0.0356996767223
-0.0381123535335
-0.0394830740988
-0.0393892377615
-0.040067192167
-0.0416019447148
-0.0425640381873
-0.0436160638928
-0.0448884777725
-0.0459012016654
-0.0471887215972
-0.0482053272426
-0.0478249564767
-0.0467661060393
-0.0464033186436
-0.0466057956219
-0.0443094670773
-0.0416330471635
-0.0387670919299
-0.0364140346646
-0.0342122167349
-0.030327077955
-0.0279284790158
-0.0260325185955
-0.0248328801244
-0.0231782775372
-0.0223528090864
-0.0214248877019
-0.0204584300518
-0.0191490817815
-0.0174354165792
-0.0164003111422
-0.0170257501304
-0.0172732807696
-0.0166920907795
-0.0173456612974
-0.0181903410703
-0.01999229379
-0.0232906714082
-0.0258438382298
-0.0277518387884
-0.0304192714393
-0.0319835729897
-0.0337521806359
-0.0355228297412
-0.037574082613
-0.0397179834545
-0.0409560538828
-0.0419153571129
-0.0420615188777
-0.0425790399313
-0.0425250791013
-0.0408912301064
-0.0389429628849
-0.0380318872631
-0.0359938889742
-0.0338260643184
-0.0319459363818
-0.0290429666638
-0.0261389594525
-0.0232751909643
-0.0208519231528
-0.0182959195226
-0.0162842795253
-0.0143573656678
-0.0129458699375
-0.0115806888789
-0.0106515651569
-0.00946208648384
-0.00933500658721
-0.00828270521015
-0.00723769888282
-0.00773255247623
-0.00842154305428
-0.0100132180378
-0.0116522535682
-0.0137876775116
-0.0169416386634
-0.0202928446233
-0.0236550737172
-0.027379821986
-0.0294782649726
-0.0296022091061
-0.0296761561185
-0.0299620330334
-0.0294689554721
-0.0266472566873
-0.0235250294209
-0.0216312035918
-0.0200781505555
-0.0191899407655
-0.0181361995637
-0.0175496302545
-0.0171253494918
-0.0161421224475
-0.0145024526864
-0.0135273542255
-0.0121524278075
-0.0113955754787
-0.00969692505896
-0.00879204645753
-0.00761049101129
-0.00737490132451
-0.00728278048337
-0.00664462801069
-0.00678828824311
-0.00730594666675
-0.00923839397728
-0.0119722578675
-0.0163169186562
-0.0217181481421
-0.02486362122
-0.0281350556761
-0.0310913696885
-0.032233171165
-0.0326327905059
-0.0323374643922
-0.0309306364506
-0.0303218737245
-0.0297155622393
-0.0285944491625
-0.0281528271735
-0.0287131518126
-0.0289491377771
-0.0294676404446
-0.0292393025011
-0.0286366119981
-0.0281919538975
-0.0283658094704
-0.0280804485083
-0.0275430567563
-0.0252644084394
-0.0233396533877
-0.0214660353959
-0.0202736165375
-0.0186391919851
-0.0167373046279
-0.0154060795903
-0.0142237935215
-0.014113355428
-0.0150282420218
-0.0163581259549
-0.0178820714355
-0.0201400779188
-0.0231239553541
-0.0250493194908
-0.0258300453424
-0.0260080937296
-0.025287007913
-0.0250909756869
-0.0242102406919
-0.0230261832476
-0.0212403200567
-0.0200951211154
-0.0192137025297
-0.0177997499704
-0.0174741428345
-0.0182629860938
-0.0189182795584
-0.0190416965634
-0.0193918459117
-0.0197447594255
-0.0210056975484
-0.0238735694438
-0.0271205138415
-0.028987351805
-0.0302835293114
-0.0296137388796
-0.028437262401
-0.0268065612763
-0.0250776726753
-0.0242419578135
-0.023360915482
-0.0236207153648
-0.0243917293847
-0.0252527333796
-0.0267641004175
-0.0275173000991
-0.0264088772237
-0.0257055666298
-0.0259720943868
-0.0274190157652
-0.0286794621497
-0.0314412936568
-0.0336813591421
-0.0335476025939
-0.0325605161488
-0.0311710648239
-0.0297421496361
-0.0286796912551
-0.0284712072462
-0.0293635092676
-0.0308319926262
-0.031885612756
-0.032348498702
-0.0340444818139
-0.0361067429185
-0.0376118980348
-0.0385839939117
-0.0382608771324
-0.0373171754181
-0.0363240614533
-0.0361308008432
-0.0368471257389
-0.0390543453395
-0.0409997664392
-0.0407620258629
-0.0396417081356
-0.0385689586401
-0.0387239716947
-0.039938043803
-0.0418586209416
-0.0431890338659
-0.0425667278469
-0.0416855141521
-0.0414492376149
-0.0415175817907
-0.0420032069087
-0.0419816598296
-0.0413997136056
-0.0407146736979
-0.0406417027116
-0.041215673089
-0.0407241657376
-0.039299916476
-0.0382875986397
-0.0375554934144
-0.0380854681134
-0.0399572625756
-0.041949942708
-0.0439070127904
-0.0459107346833
-0.0477814860642
-0.0504728630185
-0.0521384254098
-0.0535728558898
-0.054110493511
-0.0524885803461
-0.0495535694063
-0.0466237440705
-0.0441787578166
-0.0429384447634
-0.0421681664884
-0.0419047698379
-0.0396097637713
-0.0358166657388
-0.0330087170005
-0.0307667702436
-0.0288487225771
-0.026687419042
-0.0243335459381
-0.022433379665
-0.0211417917162
-0.0206833146513
-0.0212336592376
-0.0224969889969
-0.0235002730042
-0.0241650119424
-0.0251284018159
-0.0265131890774
-0.0288680177182
-0.031353097409
-0.0333206392825
-0.0334808938205
-0.0334502346814
-0.0332182943821
-0.0331360176206
-0.032956674695
-0.0327714309096
-0.033295981586
-0.0346634797752
-0.0364934317768
-0.0388594828546
-0.0400768369436
-0.0413252897561
-0.0429294221103
-0.0434271730483
-0.0445370785892
-0.0454395785928
-0.0457366146147
-0.0454071052372
-0.0458681471646
-0.0467293746769
-0.0475206598639
-0.0467197746038
-0.0448281243443
-0.0434883236885
-0.0431529842317
-0.0424241237342
-0.0411146879196
-0.0397395081818
-0.0383955053985
-0.0379615947604
-0.039197165519
-0.0404036156833
-0.0397975891829
-0.0388188995421
-0.0384447388351
-0.0380643457174
-0.0370154231787
-0.0359842777252
-0.0356875136495
-0.0361797772348
-0.0360065922141
-0.0349252671003
-0.0339829325676
-0.0334297195077
-0.03359099105
-0.0337869636714
-0.0343619808555
-0.0355485901237
-0.0380875170231
-0.0404601544142
-0.0423695966601
-0.044039811939
-0.0459208451211
-0.0477627068758
-0.0498845949769
-0.0519582554698
-0.0543370321393
-0.0562961250544
-0.0577804967761
-0.0599278733134
-0.0615615211427
-0.0612560808659
-0.0603814832866
-0.0594572089612
-0.0580787733197
-0.0582485683262
-0.0563388839364
-0.0539029501379
-0.0518463887274
-0.0496827960014
-0.0480965338647
-0.0440739393234
-0.0402827747166
-0.0356574729085
-0.0314658880234
-0.0277948789299
-0.026289191097
-0.0250186733902
-0.0234376452863
-0.0215159840882
-0.0193617325276
-0.0161901880056
-0.0124769378453
-0.0107898581773
-0.0116891060024
-0.0123211536556
-0.0118841873482
-0.0114326365292
-0.0108117498457
-0.0100609492511
-0.00959257781506
-0.0100071579218
-0.011713726446
-0.013448311016
-0.0136026646942
-0.0138633679599
-0.0140692610294
-0.0130924265832
-0.0123667363077
-0.0102411396801
-0.00896623544395
-0.00785490684211
-0.00746150128543
-0.00663106609136
-0.00586127722636
-0.00334596354514
-0.00033245421946
0.00056472979486
0.00206566369161
0.0028612120077
0.00173550797626
0.000989697407931
0.000260151457042
-0.000736483838409
-0.00161304301582
-0.00277228769846
-0.00416529551148
-0.00525835715234
-0.00644268887118
-0.0075828852132
-0.00776832457632
-0.0076103573665
-0.00807217415422
-0.00800379551947
-0.00801609642804
-0.0082958675921
-0.00873197242618
-0.0103093441576
-0.0106000043452
-0.0114938355982
-0.0133529119194
-0.0148893967271
-0.0150959603488
-0.0159603953362
-0.0171565208584
-0.0169770978391
-0.0172065831721
-0.0169210601598
-0.0174520369619
-0.0180451497436
-0.0190725047141
-0.0187793858349
-0.0187447350472
-0.0175322368741
-0.0158650670201
-0.0137382242829
-0.0122999213636
-0.0122581571341
-0.0118619157001
-0.0116595197469
-0.0127875972539
-0.0136827584356
-0.0137770287693
-0.0132397022098
-0.0138691011816
-0.0142676178366
-0.0151961892843
-0.0165540035814
-0.0180296339095
-0.0185248292983
-0.0185381863266
-0.0181364808232
-0.0175965297967
-0.0174983236939
-0.016763035208
-0.0158873870969
-0.0155374165624
-0.0158555172384
-0.0169484335929
-0.0186839457601
-0.0207489524037
-0.0224866531789
-0.0238093286753
-0.0236261691898
-0.0235069859773
-0.0245812535286
-0.0256705619395
-0.0269875470549
-0.0312404036522
-0.0373312048614
-0.0443380512297
-0.0510060191154
-0.0559043101966
-0.0578817389905
-0.0591472201049
-0.0598608218133
-0.0619371160865
-0.0635724067688
-0.0662997215986
-0.0690940320492
-0.0715354904532
-0.0691679567099
-0.0650286599994
-0.0588898472488
-0.0532854609191
-0.0499765202403
-0.0469460338354
-0.0447059161961
-0.0449662469327
-0.0469836033881
-0.048001807183
-0.0477916635573
